1   6
1   39
1   4
1   19
2   2
2   23
2   46
2   16
3   37
3   10
4   19
4   20
4   4
4   35
4   14
4   30
4   13
4   45
4   46
4   1
5   41
5   42
5   40
5   35
31   35
31   31
32   32
32   44
32   29
32   43
32   40
32   26
6   40
6   24
6   41
6   1
7   41
7   34
7   48
7   9
42   15
42   37
42   5
42   30
42   13
8   48
8   43
8   28
8   15
8   36
27   45
27   18
9   36
9   49
9   7
9   13
10   13
10   17
10   48
10   3
10   34
34   15
34   7
34   29
34   20
34   10
41   19
41   7
41   5
41   23
41   26
41   6
41   45
44   32
44   46
44   49
45   18
45   27
45   49
45   41
45   22
45   4
33   49
33   28
18   45
18   28
18   27
19   4
19   41
19   13
19   29
19   22
19   1
25   11
25   48
26   49
26   36
26   41
26   39
26   40
26   32
26   14
17   43
17   10
17   40
17   46
17   15
13   19
13   10
13   23
13   9
13   4
13   42
13   39
35   31
35   4
35   43
35   5
36   15
36   40
36   9
36   26
36   8
37   42
37   43
37   3
20   4
20   34
20   29
15   42
15   36
15   15
15   34
15   17
15   8
11   25
11   11
12   40
12   47
14   4
14   22
14   40
14   24
14   26
16   24
16   2
38   28
38   46
40   36
40   6
40   12
40   22
40   5
40   17
40   32
40   14
40   26
39   43
39   26
39   1
39   13
49   26
49   9
49   45
49   33
49   23
49   44
22   40
22   14
22   45
22   19
23   2
23   41
23   13
23   49
24   16
24   6
24   14
46   2
46   44
46   17
46   4
46   38
47   12
29   43
29   32
29   34
29   19
29   48
29   20
30   4
30   42
48   8
48   25
48   7
48   10
48   29
28   18
28   38
28   8
28   33
43   29
43   17
43   37
43   32
43   39
43   35
43   8
