1   1
1   21
1   23
1   29
1   11
1   19
1   24
1   18
1   9
1   25
1   13
1   31
1   5
1   12
1   2
1   20
1   27
1   3
1   4
1   22
1   7
1   15
1   8
1   6
1   16
1   28
1   17
1   30
1   26
1   10
2   4
2   31
2   23
2   22
2   20
2   19
2   32
2   5
2   2
2   14
2   27
2   17
2   30
2   24
2   15
2   11
2   1
2   10
2   6
2   26
2   9
2   25
2   18
2   12
2   16
2   7
2   13
2   8
2   21
2   29
3   9
3   3
3   11
3   5
3   28
3   19
3   20
3   17
3   18
3   4
3   10
3   26
3   13
3   12
3   31
3   30
3   22
3   21
3   29
3   8
3   16
3   32
3   1
3   7
3   14
3   27
3   6
3   24
3   25
3   15
3   23
4   2
4   10
4   25
4   7
4   21
4   4
4   14
4   30
4   3
4   11
4   26
4   15
4   19
4   29
4   5
4   9
4   24
4   27
4   22
4   20
4   31
4   16
4   1
4   17
4   8
4   23
4   6
4   13
4   28
4   32
4   12
5   18
5   30
5   20
5   6
5   19
5   28
5   3
5   13
5   12
5   16
5   2
5   24
5   9
5   11
5   21
5   7
5   1
5   22
5   4
5   29
5   25
5   26
5   15
5   31
5   32
5   10
5   8
5   27
5   14
5   17
5   5
5   23
6   6
6   5
6   19
6   16
6   25
6   15
6   29
6   24
6   30
6   10
6   26
6   12
6   2
6   18
6   20
6   22
6   4
6   13
6   7
6   17
6   3
6   1
6   8
6   21
6   27
6   28
6   11
6   9
6   32
7   12
7   30
7   13
7   4
7   23
7   8
7   18
7   7
7   21
7   32
7   20
7   27
7   5
7   10
7   26
7   3
7   16
7   6
7   1
7   19
7   17
7   2
7   9
7   15
7   14
7   11
7   25
7   29
7   22
7   31
8   20
8   22
8   17
8   27
8   14
8   15
8   13
8   7
8   30
8   12
8   24
8   18
8   8
8   28
8   16
8   25
8   32
8   23
8   3
8   11
8   4
8   5
8   21
8   31
8   10
8   1
8   6
8   19
8   2
8   26
9   3
9   20
9   16
9   21
9   32
9   12
9   14
9   22
9   30
9   1
9   5
9   10
9   25
9   31
9   4
9   9
9   24
9   15
9   27
9   18
9   2
9   11
9   17
9   29
9   13
9   7
9   26
9   28
9   19
9   6
9   23
10   21
10   4
10   12
10   28
10   31
10   32
10   22
10   17
10   3
10   11
10   19
10   25
10   9
10   23
10   30
10   6
10   27
10   7
10   15
10   2
10   14
10   5
10   16
10   8
10   24
10   29
10   13
10   18
10   1
11   3
11   18
11   27
11   1
11   20
11   13
11   10
11   16
11   26
11   4
11   29
11   28
11   24
11   19
11   12
11   5
11   25
11   2
11   30
11   8
11   14
11   9
11   11
11   22
11   15
11   17
11   32
11   7
11   23
11   6
11   21
11   31
12   7
12   10
12   28
12   9
12   30
12   17
12   32
12   5
12   14
12   15
12   23
12   8
12   12
12   11
12   27
12   22
12   20
12   3
12   31
12   6
12   1
12   18
12   19
12   25
12   26
12   16
12   2
12   21
12   29
12   24
12   4
12   13
13   20
13   7
13   16
13   5
13   30
13   8
13   32
13   25
13   11
13   13
13   22
13   23
13   1
13   3
13   15
13   28
13   17
13   29
13   26
13   6
13   21
13   9
13   4
13   24
13   27
13   31
13   2
13   10
13   19
13   18
13   12
14   22
14   8
14   9
14   18
14   4
14   14
14   20
14   12
14   17
14   31
14   2
14   16
14   32
14   21
14   30
14   11
14   10
14   3
14   27
14   19
14   5
14   24
14   15
14   7
14   23
15   30
15   16
15   20
15   15
15   8
15   6
15   18
15   12
15   13
15   2
15   4
15   17
15   10
15   19
15   29
15   9
15   25
15   31
15   28
15   5
15   21
15   32
15   26
15   23
15   1
15   11
15   22
15   24
15   3
15   14
15   7
15   27
16   15
16   32
16   9
16   13
16   6
16   30
16   16
16   5
16   17
16   20
16   26
16   11
16   31
16   21
16   28
16   23
16   14
16   8
16   27
16   25
16   24
16   3
16   4
16   7
16   29
16   10
16   12
16   1
16   2
16   19
16   18
16   22
17   17
17   8
17   23
17   12
17   28
17   3
17   16
17   14
17   10
17   2
17   25
17   15
17   21
17   20
17   30
17   13
17   4
17   27
17   31
17   9
17   6
17   7
17   32
17   11
17   24
17   5
17   26
17   1
17   29
17   19
18   5
18   22
18   23
18   20
18   11
18   18
18   14
18   7
18   19
18   27
18   3
18   25
18   1
18   15
18   30
18   8
18   26
18   12
18   6
18   28
18   9
18   32
18   29
18   2
18   24
18   31
18   16
18   10
18   13
19   22
19   6
19   5
19   31
19   3
19   18
19   2
19   29
19   1
19   24
19   10
19   11
19   28
19   4
19   30
19   15
19   20
19   26
19   12
19   21
19   14
19   19
19   32
19   23
19   7
19   16
19   8
19   9
19   13
19   27
19   17
20   8
20   9
20   5
20   15
20   13
20   18
20   2
20   3
20   14
20   11
20   21
20   16
20   26
20   12
20   7
20   24
20   30
20   32
20   29
20   22
20   31
20   19
20   17
20   25
20   4
20   1
20   6
20   20
20   23
20   27
21   10
21   1
21   9
21   4
21   20
21   30
21   7
21   29
21   16
21   23
21   5
21   32
21   17
21   3
21   31
21   14
21   15
21   19
21   13
21   8
21   28
21   25
21   12
21   24
21   6
21   2
21   22
21   11
21   26
22   22
22   23
22   8
22   18
22   19
22   29
22   14
22   2
22   9
22   26
22   31
22   10
22   24
22   13
22   30
22   12
22   5
22   20
22   3
22   4
22   1
22   6
22   25
22   11
22   27
22   15
22   28
22   7
22   21
22   32
22   16
23   22
23   2
23   18
23   1
23   24
23   32
23   17
23   7
23   12
23   10
23   13
23   16
23   21
23   27
23   8
23   29
23   23
23   25
23   4
23   15
23   19
23   20
23   26
23   30
23   14
23   11
23   3
23   28
23   5
23   9
24   24
24   23
24   31
24   6
24   29
24   1
24   22
24   19
24   5
24   11
24   2
24   8
24   20
24   9
24   4
24   28
24   16
24   26
24   32
24   25
24   13
24   3
24   21
24   14
24   15
24   17
24   10
24   18
24   12
24   27
25   4
25   6
25   13
25   18
25   10
25   1
25   31
25   9
25   11
25   28
25   17
25   29
25   8
25   5
25   16
25   15
25   26
25   20
25   25
25   12
25   23
25   30
25   2
25   22
25   21
25   24
25   32
25   3
25   7
25   27
26   27
26   32
26   26
26   28
26   22
26   16
26   11
26   20
26   3
26   4
26   6
26   18
26   19
26   25
26   24
26   7
26   5
26   13
26   2
26   15
26   12
26   30
26   23
26   17
26   29
26   9
26   1
26   21
26   8
27   26
27   8
27   31
27   11
27   18
27   29
27   27
27   32
27   2
27   12
27   10
27   7
27   16
27   9
27   4
27   23
27   1
27   30
27   28
27   17
27   3
27   14
27   5
27   22
27   13
27   6
27   20
27   19
27   24
27   25
27   15
28   30
28   32
28   29
28   10
28   28
28   12
28   5
28   3
28   17
28   26
28   31
28   11
28   16
28   13
28   25
28   19
28   8
28   24
28   15
28   18
28   27
28   21
28   22
28   4
28   1
28   9
28   23
28   6
29   22
29   28
29   31
29   29
29   1
29   6
29   24
29   32
29   19
29   27
29   11
29   21
29   20
29   4
29   25
29   5
29   15
29   3
29   23
29   13
29   18
29   9
29   16
29   30
29   10
29   26
29   7
29   12
29   2
29   17
30   28
30   15
30   7
30   5
30   12
30   16
30   13
30   9
30   4
30   8
30   31
30   6
30   21
30   18
30   10
30   2
30   22
30   20
30   19
30   3
30   11
30   17
30   27
30   14
30   25
30   29
30   26
30   23
30   1
31   2
31   29
31   27
31   10
31   24
31   32
31   19
31   22
31   30
31   14
31   28
31   16
31   25
31   1
31   3
31   9
31   20
31   12
31   15
31   4
31   21
31   5
31   17
31   8
31   31
31   13
31   7
31   18
31   11
32   28
32   26
32   16
32   9
32   23
32   31
32   12
32   10
32   13
32   2
32   29
32   27
32   7
32   21
32   32
32   20
32   8
32   24
32   3
32   14
32   15
32   18
32   5
32   19
32   25
32   17
32   11
32   4
32   22
32   6
