1   19
1   53
1   44
1   70
1   59
1   43
1   10
1   57
1   55
2   22
2   38
2   33
2   39
2   54
2   35
2   28
2   20
2   29
2   26
2   60
3   14
3   36
3   55
3   47
3   16
3   52
4   37
4   17
4   32
4   65
4   28
4   69
4   58
5   44
5   22
5   60
5   33
5   59
5   50
5   68
5   11
5   26
5   14
6   46
6   19
6   24
6   47
6   53
7   67
7   63
7   29
7   24
7   68
20   53
20   24
20   14
20   27
20   15
20   2
20   16
23   47
23   16
23   64
23   52
23   65
19   36
19   1
19   6
19   67
19   31
19   42
19   50
19   55
19   37
19   14
19   70
10   43
10   44
10   33
10   31
10   65
10   49
10   29
10   64
10   1
10   38
26   58
26   48
26   9
26   29
26   5
26   2
26   39
21   36
21   57
21   30
21   18
21   31
21   15
21   32
8   58
8   12
8   65
24   32
24   20
24   6
24   35
24   18
24   50
24   7
24   12
9   35
9   26
9   67
9   48
9   60
9   47
9   13
9   30
9   56
39   18
39   2
39   48
39   13
39   62
39   26
27   47
27   20
27   37
27   61
27   16
27   58
18   29
18   61
18   24
18   34
18   21
18   39
18   54
25   28
25   49
25   53
62   37
62   52
62   32
62   57
62   47
62   70
62   44
62   33
62   34
62   39
58   26
58   8
58   69
58   65
58   27
58   4
56   49
56   30
56   41
56   35
56   52
56   64
56   9
63   69
63   7
63   36
63   17
43   12
43   10
43   28
43   59
43   1
43   35
43   53
45   40
45   34
45   69
45   42
28   15
28   43
28   38
28   37
28   25
28   4
28   2
28   60
28   28
46   6
46   47
46   17
46   65
46   35
46   29
46   38
46   52
59   30
59   61
59   41
59   43
59   5
59   51
59   1
59   49
33   52
33   54
33   10
33   2
33   5
33   49
33   70
33   64
33   55
33   41
33   13
33   57
33   62
33   61
34   45
34   51
34   18
34   55
34   42
34   48
34   36
34   62
64   49
64   35
64   33
64   56
64   23
64   16
64   53
64   10
64   47
64   41
17   4
17   46
17   47
17   50
17   17
17   63
17   44
22   2
22   5
22   31
22   14
22   29
22   55
22   70
22   11
15   28
15   65
15   30
15   20
15   51
15   12
15   32
15   11
15   21
15   48
50   54
50   50
50   51
50   17
50   19
50   49
50   5
50   24
50   38
50   68
54   50
54   70
54   33
54   2
54   18
47   52
47   46
47   40
47   13
47   27
47   62
47   17
47   3
47   23
47   44
47   6
47   14
47   9
47   64
51   30
51   34
51   50
51   15
51   59
32   24
32   38
32   67
32   62
32   4
32   15
32   21
32   69
49   56
49   64
49   61
49   33
49   10
49   50
49   59
49   25
52   33
52   47
52   40
52   62
52   56
52   37
52   23
52   3
52   46
61   59
61   18
61   60
61   49
61   27
61   33
61   13
40   45
40   52
40   47
40   65
68   12
68   38
68   5
68   68
68   7
68   50
67   32
67   7
67   19
67   9
66   57
66   16
66   13
66   42
66   69
66   66
65   15
65   40
65   8
65   46
65   4
65   10
65   23
65   58
65   41
42   42
42   30
42   69
42   66
42   19
42   34
42   48
42   45
36   21
36   19
36   3
36   63
36   53
36   57
36   69
36   34
44   5
44   10
44   53
44   1
44   47
44   62
44   35
44   57
44   17
37   70
37   4
37   62
37   28
37   52
37   19
37   27
37   11
12   43
12   69
12   8
12   31
12   15
12   68
12   24
11   69
11   15
11   38
11   5
11   57
11   22
11   55
11   37
11   53
13   66
13   47
13   29
13   33
13   39
13   9
13   61
14   3
14   22
14   20
14   47
14   19
14   5
29   18
29   26
29   13
29   7
29   22
29   10
29   29
29   2
29   46
29   16
38   2
38   32
38   28
38   68
38   50
38   11
38   10
38   46
16   66
16   41
16   23
16   3
16   64
16   27
16   29
16   20
30   59
30   53
30   42
30   51
30   15
30   56
30   21
30   31
30   9
31   22
31   10
31   19
31   12
31   57
31   21
31   70
31   30
35   57
35   9
35   55
35   24
35   56
35   64
35   2
35   46
35   44
35   43
53   30
53   20
53   44
53   69
53   1
53   36
53   6
53   25
53   64
53   11
53   43
48   26
48   9
48   39
48   34
48   42
48   15
57   66
57   35
57   21
57   62
57   55
57   31
57   36
57   33
57   11
57   1
57   44
60   5
60   69
60   61
60   28
60   9
60   2
70   54
70   37
70   33
70   1
70   62
70   31
70   19
70   22
55   3
55   35
55   34
55   19
55   57
55   33
55   22
55   11
55   1
41   56
41   59
41   16
41   33
41   65
41   64
69   12
69   63
69   53
69   60
69   42
69   45
69   11
69   66
69   36
69   58
69   4
69   32
