1   1709
2   392
3   1674
4   419
4   1048
5   1558
5   672
113   451
113   1385
113   415
115   1287
116   1136
116   677
116   164
116   567
117   1379
14   1201
139   833
139   1839
255   131
255   460
255   944
255   1470
255   927
283   586
319   557
319   164
319   1753
319   123
319   1698
487   1687
487   654
530   453
642   1261
642   207
642   1844
642   1332
816   106
816   99
816   878
823   315
823   624
1031   1499
1031   106
1082   396
1082   1201
1082   717
1374   410
1374   1374
1406   385
1406   497
1406   1387
1406   1365
1406   1118
1406   41
1435   784
1436   1813
1436   1327
1436   407
1437   1581
1437   588
1437   1625
1438   552
1438   1071
1438   1681
1448   251
1448   1775
1448   1525
1448   1686
664   1288
664   1652
664   399
801   317
801   164
801   1484
801   904
1134   708
1591   796
1591   262
1591   245
1337   1380
26   375
647   1095
647   1845
725   697
725   914
777   1350
777   643
777   512
777   1760
1305   1747
1305   47
1305   917
1305   1188
1305   1554
1305   1013
1531   1048
256   555
256   1401
256   1475
257   1381
257   600
257   1739
318   1358
505   1643
507   789
749   985
749   1294
136   1467
488   131
488   472
488   689
488   1631
488   1284
430   852
430   656
430   1567
430   1115
640   702
640   478
640   1742
1231   757
1231   440
1231   1673
1288   664
1288   291
1288   1146
1288   1526
1288   1855
334   1375
818   238
818   728
818   1507
818   1346
529   1157
529   841
681   1070
681   1179
681   643
830   39
830   1562
830   1341
1547   1384
1547   1327
1547   1634
167   948
232   792
232   800
60   301
60   1459
60   871
60   265
252   1604
252   1138
315   673
315   823
315   562
845   1110
1252   527
1625   1799
1625   1012
1625   1437
1625   473
1626   1791
1626   1225
1053   678
1523   745
1523   65
1677   663
1677   221
1677   597
1678   1078
1447   652
1447   46
1447   1585
1447   303
1588   1465
1589   51
1589   1225
292   228
292   699
292   280
292   478
292   1266
292   259
1192   321
1716   1703
1716   1065
1716   1424
1716   1830
800   232
1133   615
1133   312
1133   1810
1133   349
1277   1582
1277   494
1297   79
1297   869
1597   636
1597   1455
1597   1805
1597   1365
832   590
972   29
972   240
972   967
972   179
7   1350
7   1135
7   1248
8   291
8   237
8   427
9   993
9   932
9   1239
10   1225
10   737
10   209
10   734
10   654
660   325
660   386
660   638
660   1430
831   158
831   477
831   417
831   1587
1788   1041
558   413
659   1455
659   271
659   1427
1111   1488
1111   1062
1111   408
1430   539
1430   660
1430   1481
833   139
833   1850
11   89
11   1375
12   403
12   19
12   344
13   156
13   432
13   519
13   103
13   416
119   920
119   1118
119   675
119   273
219   68
711   1266
711   1747
711   339
118   1662
118   547
118   663
128   373
128   310
128   874
442   1514
442   55
687   1317
687   1807
687   1290
687   1763
76   1728
76   724
76   1455
76   998
672   1349
672   5
15   1503
15   1160
135   564
137   1704
137   443
137   730
138   1761
138   1132
138   577
140   1446
140   489
141   1194
141   1674
141   896
142   1327
142   817
142   268
143   973
143   581
144   348
144   1389
145   435
146   604
146   805
146   1850
146   781
147   1847
147   1312
148   1525
152   1384
152   1315
153   1640
153   1841
153   728
154   377
154   758
154   286
155   812
155   309
155   126
156   13
156   200
156   1613
157   418
157   419
158   831
158   317
185   803
185   1763
428   1508
1275   287
1275   1647
1275   1741
1450   1579
1450   1444
1511   37
1590   1037
463   569
1059   527
1059   347
1059   1457
1059   1164
1524   201
1524   1830
320   841
320   1410
320   1220
322   922
322   601
322   377
322   918
322   927
364   1176
364   353
364   838
21   1644
21   1803
411   594
411   431
411   1848
825   608
825   1186
1216   1076
1216   1200
1216   1128
1540   213
1540   269
1657   259
1657   307
401   1643
401   1801
401   806
401   1121
893   887
893   1585
78   186
78   1130
78   413
1022   786
1022   1754
1022   97
1736   164
1736   857
1736   1238
1747   1305
1747   375
1747   711
1747   328
79   1297
79   1055
79   890
1013   465
1013   690
1013   808
1013   1305
1567   430
133   412
133   1404
133   1552
133   1828
953   1051
62   1803
62   1443
62   734
62   820
112   69
112   645
427   1308
427   8
427   919
427   1802
1204   237
270   121
18   754
18   39
18   40
19   12
19   1281
19   481
19   697
19   429
47   1305
47   722
91   1187
193   1411
193   870
210   1651
210   46
244   668
244   998
338   1187
338   1778
393   1518
393   1312
475   1018
475   977
476   75
476   1717
476   1100
476   542
476   1422
779   989
1106   99
1106   1545
1106   1577
1107   1010
1107   977
1107   1830
1108   1818
1108   797
1109   1826
1110   1738
1110   845
1112   682
1112   1608
1113   1467
1113   962
1113   278
41   1738
41   1406
46   1447
46   682
46   210
46   239
46   1080
103   13
103   99
103   904
178   1600
339   922
339   1459
339   1557
339   711
339   1832
340   1138
340   1682
341   1574
342   1309
342   1099
342   1554
342   828
342   290
342   1618
88   1317
88   1691
88   1500
88   1668
90   1265
1105   565
1105   1063
1105   1341
1105   930
1105   310
1105   203
1105   789
1386   1776
1711   1548
1711   970
1711   857
1711   652
1711   1520
192   213
926   1005
926   328
209   10
209   1342
65   684
65   439
65   1523
65   121
65   1715
242   268
242   1474
243   778
243   1230
409   1674
409   1786
409   363
409   1684
929   1776
929   1347
930   1105
930   1653
931   756
931   1534
931   104
932   1833
932   9
394   912
395   625
395   490
395   499
396   1032
396   1082
396   1614
396   1336
396   437
477   831
478   1457
478   292
478   640
478   1321
1681   722
1681   1438
1681   776
1681   638
1681   951
1581   1437
50   38
50   554
50   1778
179   1205
179   1660
179   972
661   733
661   994
661   379
1413   248
1413   1097
67   1653
1318   1520
1318   495
1318   1375
1318   1455
20   956
20   1794
22   835
22   1262
22   900
23   654
23   756
23   811
23   247
23   195
794   975
794   336
794   1032
1233   1517
474   826
474   163
810   423
810   1712
917   1768
917   533
917   1305
917   412
918   322
169   1058
169   304
169   1584
24   982
24   1713
25   1794
25   1198
25   1011
25   1521
27   641
27   1598
27   1641
27   1384
27   690
122   1347
122   1607
359   1366
1408   1348
30   968
30   1811
30   726
59   504
59   381
59   372
59   1768
82   1052
82   590
82   1616
199   1613
199   557
199   1279
354   173
354   716
374   462
374   1079
374   1025
389   1670
389   1399
400   1601
400   1735
408   1715
408   249
408   1111
408   1827
431   411
431   1734
431   1637
431   1258
431   96
431   1240
431   483
490   501
490   395
490   387
592   993
750   1407
750   462
750   314
803   185
862   414
862   33
862   404
878   1544
878   39
878   703
878   816
878   1219
923   282
923   1803
923   1858
969   1784
969   1076
1051   1652
1051   953
1051   541
1051   1834
1051   1783
1202   1285
1202   1040
1202   1688
1202   1138
1202   127
1202   552
1301   445
1345   922
1345   1396
1345   970
1348   587
1348   1408
1348   730
1348   535
1348   268
1355   651
1355   1475
1362   1218
1362   159
1362   216
1362   965
1362   692
1362   1342
1388   1664
1388   1341
1388   1265
1516   746
1516   884
1622   1254
1622   1083
1622   1849
1622   1315
1622   963
124   1854
124   1052
124   531
124   1702
124   281
124   1207
608   825
1609   765
28   228
28   1411
1076   1682
1076   969
1076   857
1076   1216
1076   1832
1125   564
1125   696
1184   1373
1184   1264
1184   1090
1267   1606
1267   419
1268   492
57   402
57   955
347   458
347   1059
347   286
754   18
754   1307
754   584
754   1827
1175   804
1210   1717
1210   1564
1210   1765
1212   1063
1212   706
1212   766
1212   1714
1214   1003
1214   781
1215   1361
1215   1495
1215   589
1217   528
1217   1063
77   748
107   1704
107   700
107   277
260   245
312   1133
412   133
412   917
473   1652
473   1625
723   1634
723   1080
724   738
724   1458
724   76
724   924
826   743
826   474
826   1078
1120   1808
1120   753
1222   1441
1222   1368
1222   703
1327   142
1327   42
1327   1436
1327   1547
1375   11
1375   1318
1375   334
1389   144
1389   1243
1486   1837
1486   197
1486   1326
1486   1859
1508   428
1596   1292
1596   766
1598   27
1601   554
1601   400
1631   935
1631   613
1631   488
1631   186
1632   846
1632   109
1633   1608
1633   171
1633   544
81   1299
81   202
170   80
170   1282
170   279
170   1509
355   1334
356   1835
356   540
357   1155
358   719
358   1285
111   1422
111   1039
343   996
343   1258
343   809
900   22
29   972
29   1028
196   965
196   1604
196   952
378   1032
378   985
943   962
1126   1264
1126   1117
285   589
285   1541
285   1683
285   1360
375   1747
375   223
375   1696
375   1533
375   471
375   26
376   1739
376   941
376   1707
376   1310
376   907
377   154
377   1668
377   322
572   434
572   1284
721   1009
722   208
722   1681
722   47
722   590
202   305
202   81
202   717
432   13
432   1504
434   328
434   871
434   572
434   904
434   755
434   1342
489   1360
489   140
31   407
31   165
31   588
181   884
774   1560
899   1499
899   501
899   839
1302   1151
1303   784
1303   164
1303   1262
1303   1057
1303   1592
863   486
863   1569
863   688
864   560
865   1368
866   1365
866   606
866   1407
838   573
838   557
838   1066
838   364
838   882
955   94
955   1619
955   57
955   1361
1647   1229
1647   1275
1049   269
1201   875
1201   1082
1201   14
1293   1020
1293   1096
1293   466
1352   888
1352   189
1349   672
80   170
80   808
80   596
80   1104
766   1596
766   1212
766   85
1058   169
1058   1042
1058   1656
1058   1172
1472   1018
1472   1667
1472   621
1422   538
1422   325
1422   111
1422   476
1423   1799
1423   982
1515   273
1515   321
349   1133
1458   724
1458   657
1458   1718
1054   456
787   1755
787   1391
928   205
928   437
965   875
965   196
965   1362
965   1091
965   760
1183   1584
1183   892
1225   10
1225   327
1225   1589
1225   1626
1710   1467
1710   933
1722   580
1722   1845
1722   1199
1340   497
1340   1853
773   1000
840   1161
1700   1791
1700   591
32   203
32   233
33   862
799   1121
799   38
799   380
1278   1799
1278   159
34   1851
34   191
34   1136
35   286
35   979
35   323
35   941
36   1766
36   733
36   45
37   1511
37   732
38   50
38   700
38   85
38   166
38   799
38   624
38   1000
39   1363
39   18
39   878
39   830
40   1007
40   936
40   18
42   1327
42   1169
42   1008
43   569
43   1602
43   1023
43   1208
44   1397
44   849
45   36
277   804
277   107
277   1800
277   829
277   1146
278   1113
280   292
280   1756
280   1717
280   448
298   976
298   541
299   123
299   1771
300   1286
300   539
301   873
301   60
301   445
301   702
301   788
302   1522
302   1187
302   963
303   1447
304   169
304   623
304   305
304   166
305   202
305   304
306   719
306   651
307   1577
307   346
307   1657
308   1816
308   290
309   155
650   175
650   1624
651   1805
651   1355
651   306
652   847
652   1447
652   985
652   1711
653   1357
653   815
654   166
654   1465
654   23
654   467
654   10
654   487
654   231
655   1810
655   1637
655   957
655   643
656   328
656   968
656   430
657   1025
657   1307
657   1299
657   1458
331   1325
690   1164
690   1444
690   1013
690   27
690   920
1282   1863
1282   170
1282   996
1754   1670
1754   1236
1754   1022
101   846
101   1294
101   883
101   1467
101   1725
101   1713
101   208
684   65
684   94
684   887
1200   495
1200   1474
1200   688
1200   1216
279   170
279   1155
281   573
281   1638
281   124
282   923
649   649
649   481
649   834
649   1687
649   882
649   563
1035   713
1035   1806
1100   120
1100   126
1100   476
1100   1714
1100   1518
775   1446
775   941
842   229
1604   196
1604   252
1604   120
1604   963
1525   677
1525   1448
1525   148
1525   403
1525   1566
1153   448
1153   743
441   1746
441   417
449   745
449   728
449   785
497   1406
497   216
497   905
497   1340
512   777
513   187
513   1381
513   1405
514   266
514   1246
514   1021
514   1220
515   914
515   613
515   883
515   1131
515   996
516   1459
516   1779
784   247
784   1303
784   566
784   1435
908   1771
909   764
910   1553
911   1377
912   394
912   747
913   820
913   1666
914   515
914   173
914   725
914   1092
915   556
915   509
916   1799
916   1712
916   1726
207   642
1334   355
1342   1350
1342   1654
1342   1456
1342   1362
1342   209
1342   434
1454   419
1611   1017
1611   1321
330   84
1223   1164
1224   1328
1224   1207
1226   1832
1226   894
1227   1463
164   1303
164   319
164   801
164   116
164   1736
689   494
689   488
689   447
689   1441
1238   266
1238   1736
1136   116
1136   946
1136   183
1136   34
1230   967
1230   273
1230   630
1230   1279
1230   243
1266   711
1266   162
1266   292
1266   269
1485   194
1485   533
1485   980
1509   1162
1509   948
1509   170
1281   1092
1281   19
1281   1468
1281   333
1281   121
48   373
49   907
49   1321
49   1187
51   1044
51   1589
53   1043
55   442
56   541
56   1440
56   1664
56   1290
757   767
757   1231
956   351
956   456
956   20
1295   461
1295   227
1366   542
1366   359
1366   1548
1366   1354
1366   1734
1366   606
1424   1716
1584   1183
1584   169
1585   893
1585   1010
1585   1447
716   1138
716   1336
716   354
879   405
880   1813
402   57
405   879
405   1690
1396   844
1396   1012
1396   1345
1396   1556
1396   352
1717   476
1717   280
1717   1210
106   637
106   816
106   585
106   692
106   1031
106   1324
1692   1541
1692   780
1692   71
1496   639
1496   1429
223   1733
223   375
223   1251
404   456
404   1856
404   862
404   97
852   430
854   1635
1179   1251
1179   1644
1179   1738
1179   681
1431   1767
1578   1630
1578   241
1578   1530
1578   1104
1578   327
1676   261
1734   431
1734   1366
1734   1377
1735   1122
1735   238
1735   1490
1735   134
1735   400
464   1014
464   1385
464   1328
894   1331
894   1729
894   353
894   1226
894   717
895   745
896   1592
896   636
896   141
897   934
897   1849
898   1021
898   813
63   1649
63   1079
272   1326
562   1298
562   315
1600   1582
1600   1830
1600   1443
1600   178
1600   1370
1668   1831
1668   719
1668   1358
1668   88
1668   377
1823   644
1823   607
1824   459
1824   221
1825   739
1825   189
1825   1649
1825   1803
61   1869
61   1002
221   1677
221   1824
221   1758
261   1676
261   1759
321   1192
321   1732
321   1515
399   664
399   1494
403   12
403   440
403   1504
403   1115
403   1417
403   1525
403   919
406   872
406   1376
406   550
407   31
407   1436
410   502
410   327
410   1641
410   1374
410   726
413   1514
413   1482
413   558
413   78
414   862
414   1829
414   1733
415   113
416   627
416   13
416   739
417   1749
417   831
417   441
418   157
418   588
419   4
419   973
419   1267
419   157
419   1454
419   180
420   553
165   495
165   848
165   31
165   1723
251   1448
251   1573
251   1332
251   224
263   1695
263   1828
263   1420
484   1075
484   1026
506   368
546   451
546   1639
546   1228
988   886
992   873
1079   1024
1079   374
1079   63
1094   709
1094   1135
1283   1764
1283   1832
1283   571
1397   44
1397   1624
1398   453
1399   389
1400   1137
1400   1807
1401   362
1401   256
1402   575
1403   758
1404   133
1404   980
1404   1501
1405   1284
1405   513
1776   1386
1776   821
1776   798
1776   480
1776   287
1776   929
685   919
220   239
220   1499
436   345
259   1491
259   1733
259   1037
259   1657
259   292
951   1319
951   230
951   1681
951   985
952   196
440   403
440   1520
440   174
440   1231
440   1287
440   481
336   794
336   945
254   563
254   798
556   915
351   956
351   1097
1518   813
1518   1755
1518   393
1518   1100
1155   357
1155   279
126   1100
126   1832
126   155
1701   1019
1701   1128
1709   990
1709   1285
1709   1
1829   1560
1829   414
1829   1143
1829   424
348   144
348   564
348   785
348   935
350   1814
753   1563
753   130
753   1120
755   1760
755   99
755   1699
755   434
1580   730
1614   396
1614   1530
1614   621
737   10
737   1273
737   630
1694   1394
1694   381
987   426
1095   647
1095   1247
1096   518
1096   1648
1096   1293
709   829
709   1094
465   874
465   1013
465   1570
466   1685
466   1293
467   567
467   654
468   1257
468   448
468   627
469   667
469   1311
471   375
472   1642
472   488
843   1310
925   1363
925   1848
925   1586
1149   1308
1150   1645
1151   1302
1151   452
1152   172
1152   1412
1187   338
1187   91
1187   302
1187   836
1187   49
1705   1719
1705   1415
1705   1016
64   1360
64   954
1023   1571
1023   1339
1023   1385
1023   1566
1023   43
1023   1089
1093   494
1383   1847
1383   1729
1383   1816
1826   1109
1827   176
1827   754
1827   382
1827   408
1827   545
273   1515
273   1230
273   381
273   119
274   296
559   1854
559   1849
559   790
1624   650
1624   1397
1316   1088
1724   388
1725   70
1725   510
1725   383
1725   1161
1725   101
68   598
68   1372
68   1801
68   1864
68   219
68   1780
68   1314
69   112
70   1256
70   1725
70   596
70   1740
70   744
159   1362
159   1278
159   679
1427   1539
1427   659
1427   1196
71   1684
71   448
71   1692
72   1468
72   383
72   778
73   1410
73   1123
74   1056
74   1433
74   1344
75   476
75   1154
213   1540
213   192
213   1767
216   1362
216   497
217   680
438   941
438   702
563   1090
563   1781
563   254
563   867
563   649
780   1692
829   709
829   1536
829   1761
829   277
829   190
950   805
950   675
950   607
950   581
1067   695
1068   791
1068   204
1068   1286
1068   702
162   1266
162   1864
162   1649
435   145
435   976
435   628
214   1707
214   426
214   1180
214   271
214   429
215   786
215   959
437   396
437   928
1434   89
89   11
89   1434
89   1103
92   968
92   1560
1032   396
1032   696
1032   673
1032   794
1032   378
1032   1465
1032   1265
1145   575
1412   679
1412   1152
1638   281
1764   1283
1764   509
1764   424
1764   87
1764   847
1765   1799
1765   567
1765   1707
1765   1210
1766   36
1766   719
1767   941
1767   998
1767   213
1767   1431
1768   917
1768   544
1768   1830
1768   500
1768   59
104   1760
104   931
104   1672
176   613
176   1827
176   290
231   491
231   654
531   1621
531   124
531   856
531   1854
531   502
1081   1444
1081   1544
1083   1622
1085   1198
1085   1834
1086   241
1086   938
313   765
313   1028
993   592
993   390
993   9
993   511
368   1690
368   506
806   1771
806   1800
806   401
811   796
811   23
824   731
1118   1750
1118   119
1118   1406
1118   360
1118   1018
1121   1558
1121   799
1121   1652
1121   401
1122   1735
1122   1561
1595   493
1599   1695
94   684
94   955
851   853
1769   1101
381   273
381   59
381   1694
381   785
1317   687
1317   88
1664   1388
1664   56
1387   453
1387   1406
1828   263
1828   1559
1828   133
1828   1407
1384   152
1384   1547
1384   1779
1384   1370
1384   27
1385   1410
1385   1023
1385   1080
1385   464
1385   113
1385   736
83   860
168   850
168   844
168   547
168   1061
1363   39
1363   925
1364   1558
1364   1773
98   1310
84   739
84   330
84   736
85   38
85   1506
85   766
86   1603
87   610
87   1764
87   1241
87   692
267   230
268   242
268   142
268   1348
269   1540
269   237
269   1049
269   1266
747   912
1010   869
1010   1107
1010   1585
96   1444
96   431
97   882
97   1414
97   1863
97   404
97   1022
99   1106
99   816
99   755
99   103
100   1787
100   1367
971   902
971   795
971   1460
1324   1237
1324   106
1429   1496
1429   584
1465   654
1465   1514
1465   1032
1465   1588
108   975
108   1571
109   1632
110   287
110   1311
110   1556
344   12
345   436
346   307
346   937
1602   43
1603   86
796   1591
796   811
796   1240
902   971
1445   523
1445   1156
1445   353
776   1296
776   1620
776   1681
1666   913
1690   368
1690   405
120   1100
120   1604
120   643
121   270
121   1281
121   65
123   964
123   319
123   299
127   1202
129   764
129   678
1469   1798
190   829
190   1526
241   1086
241   1578
241   1377
241   1357
461   224
461   1295
461   1443
887   1858
887   893
887   684
1057   977
1057   1303
1171   907
1198   425
1198   1085
1198   970
1198   25
1325   1870
1325   331
1326   1497
1326   272
1326   543
1326   1486
1480   622
1480   1532
1480   1241
1481   1092
1481   791
1481   1430
1482   622
1482   413
236   533
236   791
903   1738
227   444
227   1841
227   1295
227   1071
227   1129
239   1017
239   605
239   954
239   220
239   1443
239   46
1249   1684
1249   939
1377   186
1377   241
1377   1734
1377   1659
1377   911
645   781
645   1663
645   361
645   112
645   643
904   103
904   801
904   434
905   1752
905   497
225   1289
225   452
837   1241
837   791
837   1812
839   899
130   610
130   753
130   1060
131   255
131   488
131   1143
132   828
132   1341
132   1755
134   1735
183   603
183   1136
184   1607
184   1514
734   480
734   1194
734   1055
734   941
734   10
734   62
763   705
390   1718
390   993
390   613
1243   1389
1243   1135
1243   1307
1309   342
1309   861
1309   1813
1507   1835
1507   818
1577   307
1577   337
1577   1106
457   1475
457   935
1697   459
1024   1079
1025   778
1025   657
1025   627
1025   1073
1025   374
1025   423
1026   503
1026   619
1026   1737
1026   1858
1026   484
1027   1854
1027   450
1028   940
1028   455
1028   1154
1028   29
1028   313
1028   1091
1732   321
1748   920
1549   538
1549   1593
1549   425
1549   976
1615   944
1792   195
1792   1007
1565   314
1566   756
1566   1023
1566   1525
161   1272
163   557
163   474
166   654
166   38
166   1158
166   304
182   1291
182   1787
182   1164
182   1124
182   1064
462   1075
462   750
462   519
462   374
809   1050
809   343
809   1853
1474   242
1474   1200
1475   457
1475   989
1475   256
1475   1355
1476   1552
253   1514
271   1060
271   552
271   659
271   214
534   1221
535   1348
535   882
536   1394
537   1840
537   682
538   1549
538   1422
539   564
539   1430
539   1466
539   300
539   1462
540   356
540   566
541   1051
541   56
541   1797
541   989
541   1854
541   369
541   298
541   1492
542   1366
542   476
543   1326
544   708
544   1768
544   1633
545   1270
545   1553
545   1147
545   1827
429   19
429   1855
429   214
524   883
525   668
525   247
525   1328
526   966
527   1059
527   1252
528   1217
528   1336
171   625
171   1633
171   1173
171   1002
172   609
172   691
172   1152
173   354
173   914
173   1787
174   440
175   650
175   1651
175   867
177   596
177   1839
748   938
748   77
1044   51
1045   820
1045   1194
1045   594
1046   452
1047   615
1048   1394
1048   4
1048   1531
188   1176
188   1658
604   1166
604   1822
604   146
968   92
968   979
968   656
968   30
968   1641
1639   546
1639   1420
189   621
189   1825
189   569
189   1352
200   566
200   156
200   1679
200   445
1691   88
1170   554
1170   1778
180   561
180   1077
180   419
191   34
191   1513
191   1313
191   1702
195   1792
195   1056
195   23
291   1288
291   8
297   1311
424   1764
424   595
424   1829
455   1018
455   1653
455   1028
455   1532
455   1484
455   1289
533   236
533   1485
533   917
588   1437
588   1315
588   418
588   31
589   285
589   1698
589   1215
590   832
590   82
590   722
591   1700
591   287
591   326
594   411
594   1045
595   856
595   424
596   177
596   70
596   80
597   1330
597   648
597   1677
598   68
599   627
600   257
601   1099
601   322
603   183
605   239
605   712
605   789
605   1019
606   1346
606   866
606   919
606   1366
607   950
607   1823
609   172
609   1393
609   1673
610   130
610   87
611   1358
611   1661
611   234
611   1250
612   1535
613   176
613   515
613   1631
613   390
614   564
615   1133
615   1047
619   1232
619   1026
619   683
620   941
621   189
621   1472
621   1614
622   1482
622   1480
623   353
623   304
623   248
623   881
624   1016
624   823
624   38
624   717
625   171
625   395
625   1771
626   486
627   416
627   1025
627   599
627   468
628   584
628   435
629   250
630   1230
630   737
632   1819
632   1775
633   1500
634   1533
293   942
295   557
296   1551
296   274
867   175
867   563
1135   7
1135   1243
1135   1094
1328   1224
1328   464
1328   945
1328   525
761   700
761   1390
186   732
186   78
186   1255
186   1377
186   1631
187   513
194   1254
194   1485
194   1804
1512   927
1512   362
197   1486
197   768
201   1524
201   250
203   32
203   945
203   886
203   1105
1166   604
1166   994
1699   755
708   1134
708   1439
708   544
1089   523
1089   1557
1089   1023
1544   1081
1544   878
1544   1196
379   509
379   661
379   1180
815   653
337   1229
337   1577
552   447
552   1438
552   271
552   1202
204   1068
204   1331
205   1467
205   928
205   1780
205   365
206   764
206   1270
208   722
208   101
668   244
668   525
668   1261
668   1005
933   1710
1205   179
1205   805
1257   468
1257   941
1257   1232
1258   343
1258   431
1258   1020
1259   584
1260   501
1261   642
1261   1534
1261   668
1261   1635
667   469
667   1517
758   743
758   678
758   154
758   1403
877   881
877   857
1542   795
1542   1070
1542   1467
1760   755
1760   841
1760   777
1760   104
1761   1061
1761   138
1761   1376
1761   1649
1761   829
1763   671
1763   687
1763   185
224   461
224   1737
224   251
557   295
557   319
557   838
557   1758
557   1077
557   163
557   199
1548   1711
1548   1366
1551   296
1552   1476
1552   133
1553   545
1553   910
1553   1642
1554   1637
1554   1798
1554   342
1554   1305
1554   996
1554   1219
1554   1745
1556   1165
1556   772
1556   110
1556   1396
1556   666
1557   1706
1557   1089
1557   339
1557   1163
1558   1121
1558   1364
1558   5
1559   1828
1560   1644
1560   1829
1560   1780
1560   774
1560   92
226   1539
228   28
228   292
228   665
423   810
423   1025
846   1632
846   101
846   1043
846   1568
1164   690
1164   1059
1164   182
1164   1223
1165   1556
1117   1126
1117   1738
1607   184
1607   122
229   842
229   1721
230   827
230   951
230   267
1071   945
1071   1438
1071   363
1071   227
906   1807
983   1203
983   682
1410   1385
1410   73
1410   677
1410   320
1410   1114
1411   1811
1411   547
1411   193
1411   28
1411   1477
648   1415
648   1034
648   597
795   971
795   1542
795   1867
673   1333
673   980
673   315
673   1032
1426   459
233   32
233   635
234   611
234   1000
235   1799
237   1204
237   269
237   8
238   818
238   1735
238   1395
240   372
240   972
240   1173
1157   529
1157   482
1157   1866
1579   1450
1579   756
1579   1841
1250   949
1250   611
245   260
245   1591
247   784
247   525
247   23
248   1413
248   1394
248   666
248   623
249   408
250   629
250   201
921   1495
921   1455
922   1345
922   339
922   322
922   1080
922   1758
1365   1176
1365   866
1365   1406
1365   1597
764   1500
764   129
764   909
764   206
764   1087
781   645
781   1321
781   1214
781   146
945   1071
945   360
945   940
945   203
945   336
945   1328
945   888
1123   73
1468   72
1468   1335
1468   1281
1757   1576
1757   384
1757   290
1777   1867
1778   338
1778   50
1778   1170
1779   1384
1779   516
1780   1180
1780   1560
1780   68
1780   205
1781   563
1781   1329
1781   275
1783   1051
1784   1687
1784   969
1158   166
975   108
975   794
1276   1009
1017   1611
1017   239
1017   665
1017   1786
1506   1052
1506   970
1506   85
1506   1494
1648   1096
1648   1821
682   1501
682   983
682   1376
682   46
682   1112
682   1727
682   537
998   1414
998   1767
998   244
998   76
996   791
996   343
996   1282
996   515
996   1554
996   1683
1077   557
1077   290
1077   180
756   1478
756   931
756   23
756   1566
756   1579
1343   1661
1344   1142
1344   74
1344   1114
1344   1712
954   239
954   509
954   64
1020   266
1020   1042
1020   1707
1020   1293
1020   1258
1021   898
1021   514
262   1382
262   1591
264   949
264   1294
1442   1235
1442   1130
1733   223
1733   360
1733   856
1733   259
1733   414
265   60
266   1020
266   1530
266   1238
266   942
266   514
266   989
745   1804
745   1523
745   449
745   895
765   1609
765   313
765   782
782   492
782   765
782   1207
1545   1106
1467   136
1467   1710
1467   1113
1467   205
1467   101
1467   1542
679   1412
679   587
679   1785
679   159
680   217
275   989
275   1781
276   1659
458   347
458   443
460   255
460   1116
459   1075
459   1824
459   1697
459   1426
567   467
567   1765
567   116
963   1604
963   302
963   1622
1055   734
1055   79
1698   589
1698   319
564   135
564   539
564   348
564   713
564   1679
564   1125
564   744
564   1103
564   614
744   1270
744   564
744   70
957   655
957   1841
1033   1369
1097   1072
1097   1174
1097   351
1097   1413
962   1113
962   943
1034   648
1645   1629
1645   1150
1645   1473
1056   74
1056   195
1390   761
1390   1247
1391   787
1393   609
1393   1570
1394   536
1394   1048
1394   1851
1394   1694
1394   248
1395   1702
1395   238
1441   1222
1441   689
1775   502
1775   1448
1775   632
286   35
286   154
286   347
287   110
287   571
287   1776
287   591
287   1275
288   1791
288   1696
288   444
288   582
290   176
290   1077
290   342
290   1757
290   308
665   228
665   1017
665   1168
666   676
666   248
666   1556
1099   342
1099   601
333   1281
1140   1409
1729   894
1729   1383
1586   925
1586   813
1586   1570
691   172
1180   1780
1180   1308
1180   875
1180   379
1180   214
1221   534
1221   733
1333   673
1333   582
1728   76
448   581
448   1153
448   71
448   468
448   280
637   106
637   1290
637   1115
637   1833
1750   1118
1752   905
1752   1770
1752   1561
1526   1288
1526   190
1527   717
310   128
310   1105
311   1795
311   1799
934   897
934   550
935   457
935   1631
935   348
1246   493
1246   514
1837   1486
584   628
584   1429
584   754
584   1473
584   1259
989   1475
989   541
989   779
989   275
989   266
989   772
989   959
990   1459
990   1709
991   1714
991   1466
991   1662
991   1019
372   240
372   59
373   48
373   1232
373   128
314   1773
314   454
314   750
314   1565
1520   1318
1520   663
1520   440
1520   1711
1521   25
1522   302
683   1229
683   619
688   1200
688   1307
688   863
1014   464
1014   1043
1420   587
1420   263
1420   1639
1477   1411
1490   362
1490   581
1490   1735
1582   1600
1582   1277
1582   1758
317   801
317   511
317   158
426   987
426   326
426   214
491   231
498   1489
1311   110
1311   297
1311   469
1311   1630
323   35
325   660
325   1418
325   1422
325   1072
326   1254
326   426
326   1643
326   591
327   1225
327   410
327   760
327   1578
328   434
328   656
328   1747
328   926
807   391
808   80
808   1013
812   155
813   1518
813   898
813   1586
813   788
817   142
817   1820
820   1433
820   1007
820   1045
820   913
820   62
961   398
707   568
964   123
964   504
964   1284
892   1183
1072   575
1072   325
1072   1097
1073   973
1073   1025
1073   1845
1074   1707
1074   847
1075   798
1075   484
1075   459
1075   462
1075   732
585   106
585   1592
1712   810
1712   916
1712   1344
1744   1162
1745   353
1745   1554
635   233
636   1597
636   896
636   1284
1104   1578
1104   1251
1104   1805
1104   80
1341   1536
1341   1105
1341   1388
1341   132
1341   830
1040   1202
1040   1251
1040   1660
1354   1799
1354   1366
352   1682
352   713
352   1396
353   623
353   1745
353   894
353   364
353   1445
936   40
937   346
938   748
938   1086
1720   1785
1721   1539
1721   1464
1721   967
1721   229
1721   568
360   1733
360   945
360   1118
360   1808
361   1142
361   645
362   1401
362   1490
362   1512
363   409
363   1071
746   1516
746   1811
746   1687
365   205
366   1323
1667   1472
367   1357
367   1630
522   1065
522   705
720   569
828   132
828   342
1039   111
1039   1593
1039   1446
1124   182
1147   545
1304   1000
1304   1066
1606   1267
1606   1473
1629   1645
1629   581
1629   1686
1629   1300
1661   611
1661   1343
1661   1808
1682   1076
1682   352
1682   1091
1682   340
1682   1128
1683   285
1683   996
1683   1168
1684   1249
1684   71
1684   409
1685   738
1685   466
523   443
523   1445
523   1089
698   1015
698   568
698   1513
699   292
982   24
982   1423
1530   266
1530   1578
1530   1614
886   1679
886   988
886   203
369   1196
369   1320
369   541
1015   698
1146   1288
1146   277
1012   1396
1012   1625
398   961
733   661
733   36
733   1221
1016   624
1016   844
1016   1705
907   49
907   705
907   376
907   1171
695   1018
695   1067
380   799
382   494
382   1827
383   1725
383   72
384   1757
856   595
856   1733
856   1820
856   1818
856   531
857   877
857   1076
857   1736
857   1711
855   676
860   83
1834   1085
1834   1051
858   1670
861   1309
385   1406
386   660
387   490
387   1279
388   1830
388   1724
388   1707
1651   210
1651   175
391   807
392   2
728   818
728   1330
728   449
728   153
729   1655
1774   1845
1774   1470
1103   564
1103   89
1103   1649
1634   723
1634   1247
1634   1547
1635   1239
1635   854
1635   1261
1006   1369
571   287
571   1576
571   1513
571   1283
571   697
571   1820
1367   100
1070   681
1070   1542
1070   1695
1274   639
1274   1138
1644   1560
1644   1179
1644   21
1644   1806
1310   1832
1310   376
1310   843
1310   98
1473   1606
1473   584
1473   1645
1078   1678
1078   826
1078   1513
1154   75
1154   1028
422   1062
706   1212
706   1444
967   1230
967   1007
967   1721
967   972
1176   364
1176   1365
1176   188
1176   884
1177   1642
1177   1168
1177   1350
1177   1528
1177   980
970   1198
970   959
970   1506
970   1345
970   1711
425   1198
425   1549
439   65
439   805
1541   1692
1541   285
1654   1865
1654   1342
443   523
443   137
443   458
444   227
444   1235
444   288
444   663
445   1695
445   301
445   200
445   1301
447   552
447   689
447   1279
1605   1812
1662   118
1662   991
450   1027
451   546
451   113
452   1046
452   1151
452   225
452   1517
453   738
453   742
453   1387
453   530
453   1398
454   314
456   404
456   956
456   1054
949   1250
949   264
1159   678
1160   15
1357   653
1357   367
1357   1810
1357   241
1358   611
1358   1743
1358   1668
1358   1613
1358   1320
1358   318
1636   1415
1636   1041
1636   643
1637   1554
1637   655
1637   431
1637   1461
1092   1281
1092   1481
1092   914
479   1497
480   734
480   1776
481   649
481   19
481   440
482   1532
482   1157
483   431
924   724
485   821
486   626
486   863
492   782
492   1268
493   1855
493   1246
493   1595
494   689
494   1093
494   382
494   1439
494   1277
495   1200
495   1318
495   165
495   1376
495   1674
495   1630
499   395
500   1768
500   1773
501   490
501   786
501   899
501   1260
502   1775
502   410
502   531
503   1026
503   548
504   59
504   964
504   977
504   1627
1144   1817
1144   677
1144   1156
1144   771
1461   1856
1461   1637
1461   1659
1459   339
1459   516
1459   990
1459   60
1739   376
1739   257
841   1641
841   1760
841   320
841   529
1116   460
1116   995
1686   1629
1686   697
1686   1448
1686   1562
797   1108
798   1075
798   1776
798   566
798   254
509   1764
509   954
509   379
509   915
510   1725
510   1575
510   1799
511   1321
511   993
511   317
518   1096
519   13
519   1139
519   462
519   1193
1313   1088
1313   191
1379   1703
1379   117
1312   730
1312   393
1312   147
1368   865
1368   1331
1368   1222
521   767
743   826
743   1807
743   758
743   1801
743   1153
1407   750
1407   1514
1407   866
1407   1828
1488   1642
1488   1111
1489   498
741   1061
741   1294
741   849
973   143
973   419
973   1073
973   785
1018   455
1018   1472
1018   475
1018   695
1018   1118
547   1411
547   168
547   118
548   503
550   934
550   406
551   1220
939   1249
940   677
940   1028
940   945
940   869
941   1767
941   1257
941   849
941   35
941   376
941   734
941   620
941   1574
941   775
941   438
942   266
942   768
942   1416
942   785
942   293
944   1576
944   1615
944   255
946   1136
553   1652
553   420
554   1601
554   50
554   1170
555   256
555   1843
1663   645
1613   156
1613   199
1613   1358
853   1628
853   851
560   864
560   1674
561   180
565   1105
566   200
566   784
566   798
566   540
568   698
568   1300
568   1753
568   707
568   1721
568   869
569   43
569   189
569   463
569   720
958   1799
959   1617
959   970
959   215
959   989
1723   165
573   281
573   838
574   980
752   1854
752   1350
752   1785
1771   581
1771   625
1771   908
1771   806
1771   1564
1771   299
1772   848
1772   790
575   1072
575   1145
575   1172
575   1402
577   138
577   1501
578   1294
1457   478
1457   1059
579   1503
580   1722
581   448
581   1771
581   1703
581   1490
581   1798
581   1629
581   950
581   143
1641   841
1641   27
1641   410
1641   968
582   1333
582   288
1188   1305
586   283
587   1348
587   1420
587   679
948   167
948   1041
948   1509
1513   698
1513   571
1513   191
1513   1078
1791   1700
1791   288
1791   1800
1791   1626
835   22
1497   1326
1497   479
760   327
760   965
1080   723
1080   1385
1080   922
1080   1314
1080   46
638   660
638   1681
639   1496
639   1274
639   1866
641   848
641   27
643   777
643   1636
643   1339
643   120
643   681
643   645
643   655
644   1823
1251   1179
1251   1040
1251   1104
1251   223
1616   82
1617   959
1618   342
1573   251
1573   1000
663   1677
663   1520
663   1859
663   1232
663   1193
663   1050
663   444
663   118
1193   1280
1193   663
1193   519
1194   1194
1194   734
1194   141
1194   713
1194   1045
1195   1539
1196   1544
1196   369
1196   1427
1137   1400
669   1869
670   1848
671   1415
671   1763
821   1776
821   485
821   1128
834   1321
834   649
836   1187
1336   396
1336   716
1336   528
1773   314
1773   1265
1773   1339
1773   500
1773   1364
674   1643
675   1569
675   950
675   119
676   666
676   855
677   940
677   1410
677   1525
677   116
677   1144
678   129
678   1159
678   758
678   1053
1186   825
1232   373
1232   619
1232   1257
1232   663
1232   1041
1000   1573
1000   1304
1000   38
1000   234
1000   773
1321   511
1321   1611
1321   1185
1321   834
1321   1742
1321   49
1321   781
1321   478
1464   1721
1811   1411
1811   746
1811   30
1812   1605
1812   837
1813   1417
1813   1436
1813   1296
1813   880
1813   1309
1814   350
1814   882
1816   308
1816   850
1816   1383
1817   1144
1818   1108
1818   856
1818   871
692   106
692   1362
692   1241
692   1869
692   87
693   742
778   1331
778   1025
778   243
778   72
1587   883
1587   831
1844   642
696   1032
696   1335
696   1125
697   725
697   19
697   1749
697   1502
697   1686
697   571
700   761
700   38
700   107
1228   546
1228   1253
1229   683
1229   873
1229   337
1229   1647
1229   1746
702   640
702   301
702   1068
702   438
703   1755
703   878
703   1222
705   522
705   907
705   763
966   526
966   919
712   605
712   1562
713   1035
713   564
713   352
713   1194
1455   1597
1455   659
1455   921
1455   1318
1455   76
715   1161
715   1742
717   1787
717   1527
717   890
717   894
717   1082
717   624
717   202
719   1668
719   306
719   1766
719   358
726   410
726   30
1173   1809
1173   171
1173   240
1494   1139
1494   399
1494   1807
1494   1506
1172   575
1172   1058
1495   1594
1495   921
1495   1563
1495   1215
730   1348
730   1312
730   137
730   1580
731   824
731   1444
976   435
976   1463
976   298
976   1549
977   1057
977   504
977   1107
977   475
732   186
732   37
732   1075
1161   840
1161   715
1161   1725
1161   793
1162   1509
1162   1744
1163   1557
736   84
736   1385
738   453
738   724
738   1685
739   84
739   1825
739   416
742   453
742   693
1466   991
1466   539
1052   124
1052   1506
1052   82
767   757
767   521
768   197
768   942
1749   417
1749   827
1749   697
1808   1120
1808   1661
1808   360
1809   1173
1810   655
1810   1133
1810   1861
1810   1357
771   1144
772   1795
772   1556
772   1860
772   989
1043   994
1043   846
1043   786
1043   1014
1043   53
1532   1280
1532   482
1532   455
1532   1480
1533   375
1533   634
1534   1261
1534   931
1535   612
1753   319
1753   568
785   348
785   973
785   449
785   381
785   942
786   215
786   1002
786   501
786   1022
786   1290
786   1043
788   813
788   301
789   507
789   605
789   1105
790   1772
790   559
791   1068
791   996
791   236
791   1481
791   837
870   193
871   434
871   60
871   1818
871   1868
1185   1321
1185   1218
792   232
793   1161
1514   1407
1514   442
1514   1608
1514   253
1514   413
1514   184
1514   1465
804   277
804   1175
805   950
805   439
805   146
805   1205
1199   1722
1433   820
1433   1360
1433   74
827   230
827   1749
1130   1294
1130   78
1130   1500
1130   1442
844   1396
844   1016
844   168
847   1687
847   652
847   1074
847   1764
848   1772
848   641
848   165
849   741
849   941
849   44
850   1695
850   168
850   1816
1272   161
1655   729
869   1010
869   940
869   1297
869   1138
869   568
872   406
873   1229
873   301
873   992
874   465
874   1500
874   128
875   965
875   1201
875   1180
995   1116
1640   153
876   1759
876   1065
881   877
881   623
882   1814
882   97
882   838
882   649
882   535
883   524
883   1587
883   515
883   101
884   181
884   1516
884   1176
888   1352
888   1290
888   945
890   1291
890   717
890   79
1169   42
1169   1838
1746   441
1746   1229
1687   847
1687   1658
1687   487
1687   649
1687   1784
1687   746
1688   1202
919   685
919   606
919   966
919   1009
919   427
919   403
920   119
920   1748
920   690
927   1512
927   255
927   322
1009   1276
1009   721
1009   919
1673   1231
1673   609
1329   1781
1329   1443
1330   728
1330   597
1331   778
1331   894
1331   204
1331   1368
1332   251
1332   1306
1332   642
1843   555
978   1280
979   968
979   35
980   1485
980   574
980   673
980   1404
980   1177
980   1131
1376   495
1376   682
1376   1761
1376   406
1755   703
1755   1518
1755   787
1755   132
1756   280
985   652
985   749
985   951
985   378
994   1043
994   661
994   1564
994   1166
1002   786
1002   1743
1002   1702
1002   61
1002   171
1254   194
1254   1622
1254   326
1003   1214
1003   1650
1005   926
1005   668
1350   1342
1350   777
1350   7
1350   752
1350   1177
1351   1806
1007   40
1007   820
1007   967
1007   1792
1008   1675
1008   42
1011   1798
1011   25
1373   1184
1373   1505
1019   1701
1019   605
1019   991
1037   1590
1037   259
1041   1788
1041   1636
1041   948
1041   1232
1042   1020
1042   1058
1409   1140
1409   1285
1505   1373
1505   1294
1787   717
1787   182
1787   100
1787   173
1050   809
1050   1203
1050   663
1456   1342
1060   271
1060   130
1061   1761
1061   741
1061   1174
1061   168
1062   1538
1062   422
1062   1111
1063   1212
1063   1105
1063   1217
1156   1445
1156   1144
1064   1087
1064   182
1065   522
1065   1716
1065   876
1066   838
1066   1304
1203   983
1203   1050
1220   1862
1220   514
1220   551
1220   320
1087   1064
1087   764
1088   1313
1088   1316
1090   563
1090   1184
1091   965
1091   1682
1091   1028
1382   262
1101   1769
1101   1370
1114   1344
1114   1410
1115   637
1115   1174
1115   403
1115   1491
1115   430
1128   821
1128   1682
1128   1504
1128   1216
1128   1701
1129   227
1131   515
1131   1255
1131   980
1132   138
1296   1628
1296   776
1296   1813
1138   716
1138   1274
1138   340
1138   1202
1138   869
1138   252
1139   519
1139   1494
1142   1344
1142   361
1143   1799
1143   1829
1143   1143
1143   131
1143   1832
1770   1752
1168   1177
1168   665
1168   1683
1174   1061
1174   1115
1174   1097
1181   1857
1656   1058
1704   137
1704   107
1794   1669
1794   25
1794   20
1795   1218
1795   772
1795   311
1795   1501
1796   1568
1207   1224
1207   782
1207   124
1208   43
1218   1795
1218   1362
1218   1416
1218   1185
1219   1554
1219   878
1235   444
1235   1442
1236   1754
1237   1324
1306   1332
1239   1635
1239   9
1240   796
1240   431
1241   837
1241   692
1241   87
1241   1480
1619   955
1247   1390
1247   1634
1247   1095
1248   1846
1248   7
1253   1228
1255   186
1255   1675
1255   1131
1256   70
1256   1854
1335   1468
1335   696
1262   1303
1262   22
1263   1715
1263   1439
1660   1040
1660   179
1674   409
1674   3
1674   141
1674   495
1674   560
1675   1008
1675   1255
1264   1126
1264   1184
1265   1773
1265   90
1265   1388
1265   1032
1528   1177
1269   1846
1270   545
1270   744
1270   206
1576   944
1576   571
1576   1757
1273   737
1279   1832
1279   1230
1279   447
1279   387
1279   199
1280   978
1280   1532
1280   1193
1284   1294
1284   572
1284   488
1284   964
1284   1405
1284   636
1285   1202
1285   1709
1285   1409
1285   358
1286   1068
1286   300
1286   1742
1287   115
1287   440
1289   225
1289   455
1290   687
1290   637
1290   56
1290   786
1290   888
1291   890
1291   182
1291   1563
1291   1822
1292   1596
1294   1284
1294   741
1294   101
1294   1130
1294   264
1294   578
1294   1505
1294   749
1298   562
1299   81
1299   657
1300   568
1300   1629
1319   951
1320   369
1320   1358
1307   657
1307   754
1307   688
1307   1243
1308   427
1308   1180
1308   1149
1314   68
1314   1080
1315   152
1315   588
1315   1622
1491   259
1491   1115
1491   1620
1492   541
1323   366
1536   1341
1536   829
1536   1649
1855   493
1855   1288
1855   429
1856   1461
1856   404
1339   1679
1339   1023
1339   643
1339   1773
1608   1633
1608   1514
1608   1112
1346   606
1346   818
1347   122
1347   929
1360   1433
1360   489
1360   64
1360   285
1361   1215
1361   955
1369   1033
1369   1006
1370   1384
1370   1600
1370   1101
1372   68
1372   1574
1380   1337
1381   257
1381   1670
1381   513
1562   830
1562   712
1562   1686
1797   541
1798   1469
1798   1554
1798   581
1798   1011
1799   1143
1799   1625
1799   958
1799   1354
1799   1423
1799   235
1799   1278
1799   916
1799   1765
1799   311
1799   510
1800   1791
1800   806
1800   277
1801   68
1801   401
1801   1861
1801   743
1802   427
1803   62
1803   21
1803   923
1803   1825
1804   745
1804   194
1805   651
1805   1597
1805   1104
1806   1035
1806   1644
1806   1351
1807   906
1807   743
1807   687
1807   1400
1807   1494
1414   998
1414   97
1415   1636
1415   671
1415   648
1415   1705
1416   1737
1416   1218
1416   942
1417   1813
1417   403
1418   325
1439   708
1439   494
1439   1263
1440   56
1443   62
1443   1600
1443   1329
1443   239
1443   461
1444   1081
1444   731
1444   690
1444   1450
1444   706
1444   96
1446   775
1446   140
1446   1039
1453   1502
1460   971
1630   1578
1630   1849
1630   367
1630   1311
1630   495
1462   539
1463   1227
1463   976
1470   255
1470   1774
1478   756
1484   455
1484   801
1499   899
1499   1031
1499   220
1500   764
1500   633
1500   874
1500   88
1500   1130
1501   1693
1501   682
1501   1404
1501   577
1501   1795
1502   697
1502   1453
1503   15
1503   579
1504   403
1504   432
1504   1128
1517   1233
1517   667
1517   452
1538   1062
1539   226
1539   1195
1539   1714
1539   1721
1539   1427
1561   1122
1561   1752
1563   753
1563   1495
1563   1291
1564   1210
1564   994
1564   1771
1575   510
1568   1796
1568   846
1569   675
1569   863
1570   465
1570   1586
1570   1393
1571   1023
1571   108
1574   941
1574   341
1574   1372
1592   896
1592   585
1592   1303
1593   1549
1593   1039
1593   1653
1594   1495
1819   632
1620   776
1620   1491
1621   531
1627   504
1628   1296
1628   853
1628   1758
1642   1488
1642   1177
1642   472
1642   1553
1643   674
1643   401
1643   326
1643   505
1649   63
1649   1761
1649   1536
1649   1103
1649   1825
1649   162
1650   1003
1652   473
1652   1051
1652   553
1652   664
1652   1121
1653   455
1653   67
1653   1593
1653   930
1658   1687
1658   188
1659   276
1659   1377
1659   1461
1669   1794
1670   1754
1670   389
1670   1381
1670   858
1672   104
1679   886
1679   1339
1679   200
1679   564
1693   1501
1695   263
1695   850
1695   445
1695   1599
1695   1070
1696   288
1696   375
1702   1395
1702   1002
1702   124
1702   191
1703   1716
1703   581
1703   1379
1706   1557
1707   214
1707   1074
1707   1020
1707   376
1707   1765
1707   388
1713   24
1713   101
1714   991
1714   1539
1714   1212
1714   1100
1715   408
1715   1263
1715   65
1718   390
1718   1458
1719   1705
1726   916
1727   682
1737   1416
1737   224
1737   1026
1738   903
1738   1110
1738   1179
1738   41
1738   1117
1740   70
1741   1275
1742   1321
1742   715
1742   1286
1742   640
1743   1358
1743   1002
1758   557
1758   1628
1758   1582
1758   922
1758   221
1759   876
1759   261
1785   679
1785   1720
1785   752
1786   409
1786   1017
1820   817
1820   856
1820   571
1821   1648
1822   604
1822   1291
1830   1524
1830   1600
1830   388
1830   1768
1830   1107
1830   1716
1831   1668
1832   1226
1832   1310
1832   1143
1832   1279
1832   1283
1832   1076
1832   126
1832   339
1833   932
1833   637
1835   1507
1835   356
1838   1169
1839   139
1839   177
1840   537
1841   227
1841   153
1841   1579
1841   1859
1841   957
1845   1774
1845   1722
1845   647
1845   1073
1846   1269
1846   1248
1847   147
1847   1383
1848   925
1848   670
1848   411
1849   1630
1849   559
1849   897
1849   1622
1850   833
1850   146
1851   34
1851   1394
1853   809
1853   1340
1854   559
1854   752
1854   1256
1854   124
1854   541
1854   1027
1854   531
1857   1181
1858   887
1858   1026
1858   923
1859   663
1859   1841
1859   1486
1860   772
1861   1801
1861   1810
1862   1220
1863   1282
1863   97
1864   68
1864   162
1865   1654
1866   639
1866   1157
1867   1777
1867   795
1868   871
1869   61
1869   692
1869   669
1870   1325
