1   1
1   6
1   28
1   4
1   11
1   21
1   26
1   5
1   23
1   16
1   27
1   20
1   9
1   18
2   18
2   17
2   11
2   23
2   14
2   16
2   10
2   15
2   19
2   20
2   21
2   24
2   6
2   25
2   3
3   17
3   9
3   15
3   5
3   12
3   18
3   16
3   7
3   19
3   28
3   8
3   11
3   2
4   4
4   14
4   1
4   7
4   20
4   17
4   15
4   28
4   18
4   16
4   19
4   26
4   11
5   17
5   14
5   3
5   15
5   16
5   26
5   21
5   12
5   9
5   27
5   22
5   1
5   25
5   20
5   23
5   10
5   7
5   13
5   19
6   8
6   17
6   28
6   1
6   27
6   16
6   24
6   18
6   21
6   7
6   26
6   10
6   2
6   15
7   8
7   26
7   23
7   12
7   4
7   13
7   22
7   3
7   17
7   25
7   19
7   6
7   5
7   10
7   15
22   22
22   18
22   24
22   20
22   7
22   12
22   10
22   25
22   5
22   8
22   9
22   23
22   26
22   28
22   19
28   9
28   27
28   18
28   6
28   1
28   8
28   26
28   21
28   11
28   4
28   12
28   3
28   24
28   28
28   15
28   22
8   7
8   21
8   6
8   12
8   26
8   27
8   28
8   23
8   16
8   24
8   20
8   22
8   3
8   17
8   10
8   9
8   8
8   19
9   28
9   15
9   3
9   24
9   23
9   21
9   19
9   26
9   5
9   12
9   22
9   18
9   25
9   8
9   14
9   16
9   13
9   1
12   12
12   8
12   10
12   27
12   16
12   7
12   3
12   20
12   22
12   5
12   14
12   11
12   9
12   17
12   28
12   21
12   18
12   25
12   13
12   19
12   24
13   26
13   7
13   14
13   13
13   25
13   17
13   20
13   5
13   16
13   10
13   12
13   9
13   19
13   24
13   11
15   9
15   3
15   5
15   26
15   19
15   4
15   25
15   21
15   27
15   28
15   2
15   7
15   6
15   18
15   10
23   7
23   18
23   9
23   2
23   8
23   25
23   11
23   17
23   5
23   22
23   1
23   23
23   24
24   22
24   21
24   9
24   16
24   25
24   6
24   11
24   8
24   24
24   28
24   18
24   20
24   2
24   12
24   13
24   23
26   18
26   7
26   13
26   20
26   19
26   8
26   21
26   25
26   15
26   5
26   9
26   1
26   28
26   17
26   22
26   4
26   6
26   27
27   28
27   27
27   17
27   18
27   21
27   12
27   6
27   8
27   20
27   10
27   5
27   15
27   1
27   26
21   20
21   8
21   10
21   24
21   21
21   27
21   26
21   9
21   5
21   1
21   6
21   14
21   18
21   28
21   15
21   25
21   2
21   12
16   12
16   5
16   3
16   24
16   6
16   17
16   8
16   25
16   2
16   20
16   4
16   1
16   13
16   9
16   11
14   14
14   5
14   4
14   19
14   17
14   13
14   12
14   2
14   21
14   11
14   20
14   9
14   25
18   26
18   28
18   22
18   2
18   27
18   23
18   3
18   6
18   21
18   25
18   11
18   4
18   19
18   24
18   9
18   10
18   17
18   12
18   15
18   20
18   1
25   26
25   24
25   11
25   25
25   22
25   16
25   23
25   13
25   15
25   7
25   5
25   18
25   10
25   21
25   9
25   12
25   20
25   2
25   14
25   19
19   19
19   11
19   20
19   10
19   26
19   14
19   15
19   9
19   3
19   18
19   17
19   7
19   4
19   2
19   22
19   12
19   5
19   13
19   8
19   25
20   21
20   19
20   26
20   22
20   12
20   4
20   27
20   11
20   8
20   16
20   17
20   5
20   14
20   13
20   2
20   1
20   24
20   25
20   18
11   19
11   25
11   2
11   1
11   24
11   12
11   23
11   20
11   14
11   28
11   18
11   10
11   3
11   16
11   4
11   13
17   3
17   5
17   27
17   2
17   6
17   14
17   4
17   16
17   7
17   13
17   23
17   20
17   12
17   26
17   19
17   8
17   18
10   21
10   19
10   12
10   27
10   22
10   2
10   25
10   5
10   8
10   18
10   11
10   13
10   7
10   6
10   15
