1   27
1   17
1   12
1   26
1   6
1   7
1   11
1   29
2   18
2   32
2   13
2   12
2   5
2   4
2   23
2   24
2   6
3   20
3   29
4   14
4   2
4   15
5   30
5   12
5   13
5   2
5   18
5   25
6   24
6   30
6   1
6   2
7   14
7   19
7   11
7   1
8   20
8   14
8   29
8   21
9   29
9   16
9   26
11   23
11   10
11   12
11   7
11   1
11   16
12   1
12   5
12   2
12   11
12   22
12   15
13   18
13   28
13   14
13   2
13   5
13   29
14   34
14   7
14   13
14   4
14   10
14   8
18   2
18   13
18   31
18   5
20   24
20   3
20   8
20   22
20   28
22   17
22   20
22   12
22   30
32   28
32   2
32   34
31   24
31   18
31   15
31   10
10   26
10   11
10   24
10   31
10   14
10   33
10   27
28   13
28   32
28   25
28   20
29   9
29   25
29   19
29   13
29   8
29   15
29   3
29   1
33   10
33   17
17   27
17   21
17   1
17   22
17   33
34   14
34   32
34   26
26   10
26   34
26   9
26   1
25   29
25   5
25   28
24   20
24   31
24   6
24   10
24   16
24   2
30   5
30   6
30   22
15   31
15   27
15   4
15   12
15   29
16   27
16   23
16   19
16   9
16   24
16   11
19   16
19   7
19   29
21   17
21   8
23   16
23   11
23   2
27   17
27   16
27   1
27   10
27   15
