1   2
1   4
1   24
1   12
1   66
1   13
1   49
1   14
1   28
1   69
1   16
1   47
1   56
1   35
1   67
1   41
1   46
1   61
1   32
1   7
1   33
1   6
1   43
1   11
2   1
2   3
2   5
2   6
2   7
2   8
2   9
2   10
2   11
2   29
2   40
2   71
2   2
2   49
2   30
3   2
3   4
3   11
3   43
3   12
3   46
3   29
3   19
3   24
3   52
4   3
4   11
4   1
4   37
4   54
4   60
4   12
4   46
4   10
5   2
5   71
5   67
5   19
5   22
5   52
5   13
5   66
5   23
5   58
5   73
5   16
5   75
5   51
5   29
5   38
5   35
5   21
5   56
6   2
6   21
6   76
6   13
6   58
6   47
6   71
6   69
6   37
6   17
6   64
6   24
6   7
6   25
6   74
6   36
6   1
6   44
7   2
7   50
7   18
7   57
7   21
7   11
7   65
7   63
7   36
7   62
7   39
7   56
7   6
7   64
7   52
7   58
7   1
7   72
8   2
8   64
8   57
8   46
8   23
8   44
8   51
8   10
8   43
8   52
8   74
8   31
9   2
9   19
9   60
9   31
9   73
9   58
9   59
9   37
9   35
9   41
10   2
10   61
10   45
10   28
10   59
10   36
10   70
10   38
10   74
10   10
10   50
10   8
10   65
10   57
10   37
10   44
10   34
10   4
10   41
10   73
10   33
10   39
11   2
11   3
11   4
11   12
11   13
11   14
11   15
11   16
11   25
11   26
11   27
11   28
11   29
11   30
11   32
11   33
11   34
11   35
11   36
11   37
11   38
11   39
11   45
11   49
11   50
11   52
11   59
11   65
11   69
11   70
11   71
11   72
11   7
11   74
11   17
11   62
11   24
11   60
11   31
11   1
11   68
11   75
12   11
12   44
12   16
12   38
12   50
12   1
12   55
12   56
12   18
12   29
12   30
12   3
12   35
12   47
12   4
12   28
13   11
13   24
13   42
13   6
13   1
13   5
13   54
13   29
13   18
13   38
13   39
14   11
14   1
14   56
14   35
14   44
14   41
14   63
14   21
14   20
14   14
14   31
15   11
15   33
15   45
15   23
15   25
15   17
15   34
15   24
16   11
16   52
16   61
16   18
16   12
16   29
16   64
16   1
16   22
16   36
16   34
16   5
16   27
16   51
24   13
24   17
24   18
24   19
24   21
24   26
24   28
24   31
24   32
24   44
24   1
24   22
24   34
24   76
24   35
24   33
24   11
24   63
24   6
24   46
24   3
24   15
25   11
25   26
25   27
25   28
25   42
25   43
25   51
25   71
25   67
25   59
25   15
25   6
25   60
26   11
26   24
26   25
26   28
26   40
26   41
26   49
26   56
26   69
26   70
26   71
26   72
26   76
26   47
26   54
26   36
26   45
26   34
26   23
27   11
27   25
27   18
27   28
27   44
27   50
27   52
27   55
27   56
27   73
27   36
27   40
27   58
27   48
27   76
27   49
27   16
28   11
28   24
28   25
28   26
28   27
28   29
28   30
28   32
28   34
28   44
28   49
28   59
28   69
28   70
28   71
28   72
28   73
28   54
28   10
28   1
28   61
28   35
28   12
28   56
28   42
29   11
29   28
29   45
29   46
29   53
29   12
29   18
29   21
29   16
29   2
29   13
29   3
29   5
29   52
29   68
30   11
30   28
30   35
30   37
30   38
30   39
30   60
30   53
30   12
30   21
30   74
30   67
30   57
30   2
30   61
32   11
32   24
32   28
32   31
32   18
32   54
32   20
32   1
32   37
33   11
33   50
33   15
33   71
33   24
33   41
33   39
33   1
33   10
34   11
34   28
34   41
34   65
34   51
34   24
34   44
34   56
34   55
34   16
34   22
34   10
34   15
34   20
34   62
34   26
35   11
35   30
35   36
35   37
35   38
35   39
35   60
35   76
35   49
35   24
35   20
35   1
35   12
35   14
35   57
35   28
35   17
35   42
35   77
35   9
35   5
36   11
36   35
36   37
36   38
36   39
36   52
36   27
36   50
36   46
36   48
36   10
36   7
36   16
36   26
36   18
36   22
36   6
37   11
37   30
37   35
37   36
37   38
37   39
37   64
37   54
37   4
37   6
37   51
37   55
37   57
37   59
37   9
37   10
37   72
37   65
37   32
38   11
38   30
38   35
38   36
38   37
38   39
38   12
38   60
38   57
38   22
38   70
38   10
38   75
38   13
38   38
38   5
39   11
39   30
39   35
39   36
39   37
39   38
39   7
39   22
39   68
39   73
39   64
39   33
39   10
39   13
44   27
44   28
44   12
44   24
44   70
44   34
44   8
44   22
44   14
44   54
44   10
44   74
44   68
44   76
44   6
45   11
45   29
45   17
45   66
45   10
45   15
45   31
45   69
45   63
45   19
45   58
45   72
45   22
45   26
45   62
49   11
49   26
49   28
49   47
49   56
49   58
49   59
49   60
49   61
49   62
49   63
49   64
49   65
49   66
49   67
49   69
49   70
49   74
49   75
49   76
49   77
49   50
49   35
49   1
49   48
49   51
49   72
49   43
49   2
49   71
49   27
49   52
50   11
50   27
50   51
50   52
50   55
50   56
50   57
50   7
50   36
50   33
50   66
50   12
50   49
50   62
50   59
50   21
50   10
52   11
52   27
52   50
52   53
52   54
52   55
52   56
52   16
52   43
52   76
52   36
52   21
52   5
52   61
52   18
52   19
52   8
52   52
52   7
52   49
52   3
52   29
56   26
56   27
56   49
56   50
56   52
56   18
56   42
56   55
56   57
56   59
56   60
56   62
56   64
56   65
56   66
56   47
56   12
56   67
56   34
56   1
56   14
56   7
56   70
56   71
56   28
56   5
59   11
59   28
59   49
59   56
59   58
59   60
59   61
59   64
59   65
59   67
59   71
59   77
59   31
59   50
59   10
59   25
59   9
59   23
59   37
65   11
65   49
65   56
65   59
65   58
65   62
65   63
65   64
65   66
65   67
65   77
65   7
65   34
65   54
65   10
65   53
65   37
69   11
69   26
69   28
69   49
69   42
69   71
69   72
69   76
69   48
69   40
69   62
69   75
69   1
69   6
69   61
69   45
69   77
69   66
69   64
69   17
69   60
69   53
70   11
70   26
70   28
70   49
70   42
70   71
70   72
70   22
70   54
70   44
70   63
70   38
70   10
70   74
70   56
71   11
71   25
71   26
71   28
71   59
71   69
71   70
71   42
71   72
71   76
71   5
71   60
71   6
71   33
71   21
71   48
71   2
71   17
71   23
71   49
71   56
71   54
72   11
72   26
72   28
72   69
72   70
72   71
72   42
72   76
72   57
72   60
72   75
72   40
72   49
72   45
72   66
72   37
72   7
73   27
73   28
73   64
73   9
73   57
73   5
73   31
73   39
73   48
73   10
17   24
17   18
17   20
17   21
17   22
17   23
17   45
17   11
17   67
17   6
17   35
17   69
17   71
17   15
17   61
17   62
18   24
18   27
18   56
18   17
18   19
18   20
18   22
18   23
18   16
18   7
18   32
18   12
18   29
18   52
18   60
18   13
18   36
19   24
19   18
19   20
19   21
19   22
19   23
19   5
19   68
19   9
19   57
19   45
19   41
19   52
19   3
20   17
20   18
20   19
20   21
20   22
20   23
20   67
20   51
20   31
20   32
20   35
20   64
20   14
20   34
21   24
21   17
21   19
21   20
21   22
21   23
21   6
21   7
21   52
21   29
21   53
21   71
21   57
21   30
21   50
21   14
21   51
21   5
22   17
22   18
22   19
22   20
22   21
22   70
22   57
22   24
22   41
22   5
22   31
22   38
22   53
22   44
22   16
22   66
22   42
22   34
22   55
22   39
22   36
22   45
23   17
23   18
23   19
23   20
23   21
23   8
23   15
23   5
23   40
23   59
23   71
23   47
23   26
31   24
31   32
31   59
31   22
31   20
31   9
31   45
31   64
31   74
31   48
31   73
31   8
31   11
31   14
42   25
42   56
42   69
42   70
42   71
42   72
42   58
42   63
42   13
42   67
42   40
42   22
42   57
42   35
42   28
43   25
43   52
43   3
43   57
43   54
43   8
43   63
43   49
43   1
43   60
43   48
51   25
51   50
51   61
51   63
51   20
51   34
51   48
51   49
51   8
51   37
51   16
51   5
51   21
40   26
40   53
40   27
40   69
40   42
40   72
40   48
40   2
40   23
41   26
41   34
41   22
41   54
41   19
41   1
41   14
41   33
41   9
41   10
76   26
76   49
76   69
76   71
76   72
76   52
76   35
76   6
76   54
76   27
76   24
76   68
76   75
76   44
55   27
55   50
55   52
55   56
55   12
55   66
55   34
55   37
55   22
55   61
55   48
46   29
46   8
46   36
46   66
46   3
46   64
46   24
46   1
46   53
46   4
46   63
47   49
47   48
47   26
47   64
47   56
47   6
47   60
47   1
47   12
47   23
47   61
58   49
58   59
58   65
58   42
58   60
58   62
58   63
58   64
58   66
58   68
58   6
58   27
58   45
58   9
58   5
58   58
58   7
60   49
60   56
60   59
60   58
60   63
60   61
60   62
60   64
60   66
60   67
60   35
60   30
60   71
60   9
60   38
60   72
60   4
60   47
60   18
60   11
60   25
60   69
60   43
61   49
61   59
61   63
61   60
61   62
61   64
61   66
61   67
61   16
61   10
61   51
61   57
61   28
61   69
61   52
61   74
61   47
61   1
61   55
61   17
61   61
61   30
62   49
62   56
62   65
62   58
62   63
62   60
62   61
62   64
62   66
62   50
62   69
62   11
62   7
62   34
62   17
62   45
63   49
63   65
63   42
63   58
63   60
63   61
63   62
63   64
63   67
63   77
63   51
63   70
63   7
63   45
63   24
63   43
63   14
63   46
64   49
64   56
64   59
64   65
64   58
64   63
64   60
64   61
64   62
64   66
64   67
64   77
64   47
64   8
64   37
64   73
64   16
64   31
64   6
64   68
64   46
64   69
64   20
64   7
64   39
66   49
66   56
66   65
66   58
66   60
66   61
66   62
66   64
66   67
66   77
66   45
66   50
66   1
66   5
66   46
66   55
66   22
66   69
66   72
66   57
66   54
67   49
67   59
67   65
67   63
67   60
67   61
67   64
67   66
67   20
67   5
67   42
67   25
67   56
67   17
67   1
67   30
67   57
67   48
74   49
74   75
74   77
74   11
74   31
74   10
74   30
74   70
74   61
74   8
74   6
74   44
75   49
75   74
75   69
75   72
75   76
75   38
75   57
75   5
75   11
77   49
77   59
77   65
77   63
77   64
77   66
77   74
77   69
77   35
57   50
57   56
57   22
57   7
57   8
57   61
57   19
57   72
57   38
57   21
57   43
57   73
57   35
57   66
57   42
57   10
57   37
57   75
57   67
57   30
53   52
53   40
53   29
53   30
53   21
53   22
53   53
53   46
53   65
53   69
54   52
54   70
54   37
54   76
54   28
54   4
54   32
54   41
54   13
54   26
54   65
54   43
54   44
54   66
54   71
68   58
68   19
68   76
68   64
68   39
68   44
68   11
68   29
48   47
48   69
48   49
48   27
48   36
48   51
48   71
48   40
48   31
48   55
48   73
48   67
48   43
