1   3
1   4
1   5
1   6
1   8
1   9
1   11
1   12
1   14
1   15
1   16
1   18
1   20
1   21
1   22
1   26
1   27
1   29
1   30
1   31
1   32
1   33
1   34
1   35
1   48
1   51
1   7
1   25
1   42
2   36
2   4
2   37
2   8
2   9
2   12
2   13
2   14
2   15
2   16
2   38
2   19
2   39
2   40
2   41
2   21
2   22
2   42
2   31
2   43
2   44
2   45
2   46
2   47
2   27
2   49
2   18
2   61
2   53
2   7
2   24
2   62
2   25
3   1
3   36
3   4
3   5
3   37
3   6
3   7
3   8
3   11
3   12
3   16
3   17
3   38
3   40
3   21
3   22
3   23
3   25
3   27
3   29
3   30
3   48
3   49
3   46
3   33
3   34
3   35
3   56
3   62
3   54
3   13
3   9
3   50
4   1
4   2
4   3
4   5
4   7
4   8
4   9
4   10
4   11
4   12
4   13
4   14
4   16
4   18
4   50
4   39
4   40
4   41
4   21
4   51
4   23
4   25
4   27
4   28
4   29
4   31
4   49
4   46
4   54
4   35
4   55
4   57
4   58
4   43
4   56
4   60
4   17
5   1
5   3
5   4
5   36
5   37
5   7
5   8
5   9
5   10
5   15
5   16
5   18
5   38
5   19
5   50
5   56
5   40
5   41
5   20
5   21
5   22
5   51
5   59
5   24
5   25
5   27
5   28
5   42
5   29
5   30
5   31
5   43
5   60
5   53
5   44
5   61
5   33
5   47
5   34
5   58
5   11
5   23
5   62
6   1
6   3
6   37
6   8
6   10
6   11
6   13
6   14
6   15
6   16
6   38
6   19
6   56
6   39
6   40
6   41
6   21
6   22
6   25
6   26
6   29
6   49
6   61
6   33
6   54
6   35
6   62
6   6
6   17
6   45
6   28
6   42
6   27
6   32
6   36
6   57
6   31
6   60
6   20
7   3
7   4
7   5
7   36
7   37
7   8
7   9
7   15
7   16
7   18
7   50
7   40
7   21
7   22
7   51
7   23
7   24
7   26
7   27
7   60
7   33
7   47
7   55
7   58
7   17
7   29
7   30
7   28
7   56
7   59
7   41
7   13
7   42
7   12
7   1
7   32
7   2
7   61
8   1
8   2
8   3
8   4
8   5
8   6
8   7
8   36
8   9
8   11
8   12
8   13
8   15
8   19
8   50
8   56
8   21
8   51
8   59
8   23
8   25
8   26
8   27
8   28
8   42
8   29
8   31
8   49
8   33
8   47
8   54
8   35
8   55
8   44
8   45
8   38
8   62
9   1
9   2
9   4
9   5
9   7
9   8
9   36
9   37
9   13
9   16
9   19
9   50
9   41
9   52
9   27
9   29
9   43
9   46
9   33
9   54
9   57
9   42
9   14
9   25
9   28
9   62
9   3
9   39
9   44
10   4
10   5
10   6
10   36
10   37
10   11
10   12
10   13
10   19
10   56
10   39
10   41
10   20
10   21
10   22
10   51
10   52
10   25
10   26
10   27
10   28
10   29
10   31
10   60
10   48
10   44
10   33
10   47
10   54
10   53
10   61
10   30
11   1
11   3
11   4
11   5
11   6
11   8
11   10
11   36
11   37
11   12
11   14
11   15
11   16
11   18
11   50
11   41
11   21
11   22
11   51
11   59
11   23
11   24
11   25
11   28
11   42
11   29
11   60
11   53
11   44
11   45
11   32
11   33
11   47
11   54
11   34
11   35
11   57
11   58
11   17
11   62
11   27
11   11
11   38
12   1
12   2
12   3
12   4
12   8
12   10
12   11
12   37
12   14
12   15
12   16
12   17
12   18
12   50
12   39
12   41
12   20
12   21
12   51
12   59
12   52
12   23
12   25
12   26
12   42
12   31
12   43
12   33
12   34
12   58
12   38
12   13
12   12
12   36
12   7
12   19
12   56
12   45
13   2
13   4
13   6
13   8
13   9
13   10
13   36
13   37
13   14
13   15
13   17
13   18
13   21
13   59
13   24
13   25
13   27
13   45
13   32
13   46
13   33
13   47
13   35
13   57
13   49
13   53
13   12
13   7
13   55
13   3
13   41
14   1
14   2
14   4
14   6
14   11
14   12
14   13
14   37
14   15
14   16
14   17
14   19
14   50
14   56
14   39
14   40
14   41
14   20
14   21
14   52
14   23
14   24
14   25
14   26
14   42
14   29
14   48
14   53
14   44
14   45
14   47
14   54
14   35
14   58
14   27
14   61
14   9
14   46
14   43
14   38
14   30
14   49
15   1
15   2
15   5
15   6
15   7
15   8
15   11
15   12
15   13
15   14
15   36
15   37
15   16
15   18
15   56
15   41
15   21
15   22
15   51
15   52
15   23
15   24
15   26
15   27
15   42
15   31
15   60
15   53
15   45
15   33
15   54
15   34
15   55
15   57
15   58
15   39
16   1
16   2
16   3
16   4
16   5
16   6
16   7
16   9
16   11
16   12
16   14
16   15
16   36
16   37
16   17
16   18
16   50
16   40
16   41
16   21
16   51
16   59
16   52
16   23
16   24
16   25
16   26
16   27
16   28
16   42
16   29
16   30
16   31
16   43
16   49
16   44
16   45
16   32
16   61
16   33
16   47
16   34
16   55
16   62
16   58
16   38
17   3
17   12
17   13
17   14
17   16
17   37
17   38
17   50
17   56
17   39
17   40
17   21
17   23
17   24
17   25
17   26
17   28
17   42
17   29
17   30
17   31
17   60
17   48
17   49
17   32
17   7
17   11
17   6
17   58
17   17
17   45
17   53
17   4
18   1
18   4
18   5
18   7
18   11
18   12
18   13
18   15
18   16
18   36
18   38
18   19
18   50
18   56
18   39
18   20
18   21
18   51
18   23
18   24
18   25
18   27
18   28
18   42
18   30
18   53
18   32
18   47
18   60
18   49
18   35
18   2
18   33
18   54
19   2
19   5
19   6
19   8
19   9
19   10
19   14
19   18
19   37
19   40
19   20
19   59
19   24
19   26
19   43
19   60
19   48
19   32
19   46
19   54
19   34
19   35
19   55
19   57
19   58
19   38
19   19
19   33
19   12
20   1
20   5
20   10
20   12
20   14
20   18
20   19
20   36
20   40
20   21
20   51
20   59
20   25
20   28
20   60
20   48
20   45
20   46
20   47
20   54
20   34
20   57
20   58
20   23
20   22
20   30
20   62
20   49
20   55
20   33
20   6
21   1
21   2
21   3
21   4
21   5
21   6
21   7
21   8
21   10
21   11
21   12
21   13
21   14
21   15
21   16
21   17
21   18
21   20
21   36
21   38
21   50
21   56
21   22
21   51
21   24
21   26
21   27
21   28
21   29
21   43
21   60
21   48
21   49
21   32
21   46
21   33
21   47
21   54
21   34
21   57
21   37
21   23
21   58
21   53
21   31
21   59
22   1
22   2
22   3
22   5
22   6
22   7
22   10
22   11
22   15
22   21
22   36
22   37
22   50
22   56
22   39
22   40
22   51
22   24
22   26
22   27
22   29
22   31
22   60
22   48
22   49
22   53
22   44
22   61
22   46
22   33
22   54
22   34
22   35
22   58
22   20
22   30
22   32
23   3
23   4
23   7
23   8
23   11
23   12
23   14
23   15
23   16
23   17
23   18
23   37
23   38
23   50
23   59
23   24
23   26
23   29
23   31
23   60
23   49
23   32
23   61
23   33
23   35
23   52
23   20
23   5
23   44
23   42
23   56
23   30
23   21
24   5
24   7
24   11
24   13
24   14
24   15
24   16
24   17
24   18
24   19
24   21
24   22
24   23
24   37
24   50
24   40
24   41
24   52
24   26
24   27
24   28
24   30
24   44
24   45
24   32
24   46
24   33
24   54
24   55
24   57
24   31
24   42
24   62
24   2
25   3
25   4
25   5
25   6
25   8
25   10
25   11
25   12
25   13
25   14
25   16
25   17
25   18
25   20
25   36
25   37
25   38
25   50
25   40
25   41
25   59
25   52
25   56
25   27
25   28
25   42
25   29
25   30
25   31
25   43
25   44
25   45
25   32
25   61
25   33
25   47
25   34
25   35
25   57
25   58
25   48
25   54
25   9
25   1
25   2
26   1
26   6
26   7
26   8
26   10
26   12
26   14
26   15
26   16
26   17
26   19
26   21
26   22
26   23
26   24
26   36
26   38
26   40
26   41
26   59
26   52
26   27
26   28
26   29
26   30
26   31
26   53
26   45
26   32
26   61
26   46
26   33
26   47
26   35
26   55
26   43
26   54
27   1
27   3
27   4
27   5
27   7
27   8
27   9
27   10
27   13
27   15
27   16
27   18
27   21
27   22
27   24
27   25
27   26
27   36
27   37
27   38
27   39
27   40
27   51
27   59
27   28
27   29
27   31
27   43
27   48
27   49
27   53
27   44
27   45
27   61
27   46
27   47
27   54
27   58
27   42
27   14
27   11
27   2
27   6
27   52
27   30
27   33
28   4
28   5
28   8
28   10
28   11
28   16
28   17
28   18
28   20
28   21
28   24
28   25
28   26
28   27
28   56
28   39
28   41
28   29
28   30
28   31
28   48
28   44
28   45
28   32
28   46
28   33
28   35
28   55
28   57
28   62
28   7
28   38
28   6
28   59
28   40
28   9
28   61
29   1
29   3
29   4
29   5
29   6
29   8
29   9
29   10
29   11
29   14
29   16
29   17
29   21
29   22
29   23
29   25
29   26
29   27
29   28
29   39
29   51
29   42
29   30
29   31
29   53
29   45
29   46
29   33
29   34
29   35
29   58
29   7
29   60
29   55
29   44
30   1
30   3
30   5
30   16
30   17
30   18
30   24
30   25
30   26
30   28
30   29
30   37
30   38
30   50
30   56
30   39
30   41
30   48
30   49
30   53
30   61
30   46
30   35
30   55
30   52
30   7
30   10
30   23
30   22
30   20
30   62
30   27
30   43
30   14
31   1
31   2
31   4
31   5
31   8
31   10
31   12
31   15
31   16
31   17
31   22
31   23
31   24
31   25
31   26
31   27
31   28
31   29
31   56
31   39
31   59
31   42
31   48
31   49
31   53
31   33
31   47
31   35
31   55
31   54
31   36
31   31
31   6
31   32
31   21
32   1
32   11
32   13
32   16
32   17
32   18
32   19
32   21
32   23
32   24
32   25
32   26
32   28
32   36
32   38
32   56
32   59
32   52
32   42
32   60
32   49
32   45
32   61
32   46
32   47
32   35
32   58
32   37
32   39
32   6
32   40
32   22
32   41
32   51
32   7
32   31
33   1
33   3
33   5
33   6
33   7
33   8
33   9
33   10
33   11
33   12
33   13
33   15
33   16
33   21
33   22
33   23
33   24
33   25
33   26
33   28
33   29
33   31
33   36
33   37
33   38
33   56
33   49
33   53
33   47
33   54
33   35
33   57
33   27
33   19
33   44
33   18
33   20
34   1
34   3
34   5
34   11
34   12
34   15
34   16
34   19
34   20
34   21
34   22
34   25
34   29
34   37
34   38
34   50
34   52
34   43
34   48
34   49
34   53
34   45
34   47
34   54
34   35
34   62
34   55
34   34
34   40
35   1
35   3
35   4
35   6
35   8
35   11
35   13
35   14
35   19
35   22
35   23
35   25
35   26
35   28
35   29
35   30
35   31
35   32
35   33
35   34
35   37
35   38
35   50
35   41
35   59
35   42
35   43
35   60
35   48
35   49
35   45
35   46
35   54
35   55
35   57
35   58
35   18
36   2
36   3
36   5
36   7
36   8
36   9
36   10
36   11
36   13
36   15
36   16
36   18
36   20
36   21
36   22
36   25
36   26
36   27
36   32
36   33
36   37
36   50
36   40
36   41
36   51
36   43
36   53
36   44
36   45
36   46
36   55
36   31
36   12
36   6
36   59
37   2
37   3
37   5
37   6
37   7
37   9
37   10
37   11
37   12
37   13
37   14
37   15
37   16
37   17
37   19
37   22
37   23
37   24
37   25
37   27
37   30
37   33
37   34
37   35
37   36
37   38
37   50
37   56
37   39
37   40
37   41
37   51
37   42
37   43
37   49
37   46
37   47
37   54
37   57
37   62
37   58
37   32
37   61
37   21
38   2
38   3
38   5
38   6
38   17
38   18
38   21
38   23
38   25
38   26
38   27
38   30
38   32
38   33
38   34
38   35
38   37
38   56
38   39
38   59
38   42
38   57
38   62
38   61
38   12
38   19
38   60
38   28
38   43
38   45
38   16
38   48
38   8
38   14
38   11
39   2
39   4
39   6
39   10
39   12
39   14
39   17
39   18
39   22
39   27
39   28
39   29
39   30
39   31
39   37
39   38
39   50
39   56
39   41
39   42
39   60
39   48
39   53
39   45
39   61
39   46
39   55
39   15
39   52
39   32
39   43
39   51
39   9
40   2
40   3
40   4
40   5
40   6
40   7
40   14
40   16
40   17
40   19
40   20
40   22
40   24
40   25
40   26
40   27
40   36
40   37
40   50
40   41
40   51
40   59
40   52
40   43
40   60
40   48
40   49
40   53
40   44
40   45
40   46
40   47
40   54
40   62
40   58
40   56
40   32
40   28
40   34
41   2
41   4
41   5
41   6
41   9
41   10
41   11
41   12
41   14
41   15
41   16
41   24
41   25
41   26
41   28
41   30
41   35
41   36
41   37
41   39
41   40
41   50
41   56
41   51
41   60
41   48
41   53
41   45
41   49
41   7
41   32
41   62
41   13
41   44
42   2
42   5
42   8
42   11
42   12
42   14
42   15
42   16
42   17
42   18
42   25
42   29
42   31
42   32
42   35
42   37
42   38
42   39
42   56
42   53
42   55
42   57
42   59
42   27
42   9
42   6
42   54
42   23
42   24
42   7
42   58
42   49
42   1
42   61
43   2
43   5
43   9
43   12
43   16
43   19
43   21
43   25
43   27
43   34
43   35
43   36
43   37
43   40
43   59
43   60
43   48
43   49
43   53
43   44
43   55
43   57
43   50
43   45
43   38
43   61
43   39
43   4
43   14
43   30
43   26
44   2
44   5
44   10
44   11
44   14
44   16
44   22
44   24
44   25
44   27
44   28
44   36
44   40
44   43
44   50
44   56
44   51
44   52
44   60
44   48
44   49
44   53
44   45
44   46
44   47
44   55
44   23
44   8
44   33
44   29
44   41
44   9
45   2
45   11
45   13
45   14
45   15
45   16
45   20
45   24
45   25
45   26
45   27
45   28
45   29
45   32
45   34
45   35
45   36
45   39
45   40
45   41
45   44
45   50
45   56
45   51
45   53
45   47
45   6
45   43
45   8
45   17
45   38
45   58
45   12
46   2
46   3
46   4
46   9
46   13
46   19
46   20
46   21
46   22
46   24
46   26
46   27
46   28
46   29
46   30
46   32
46   35
46   36
46   37
46   39
46   40
46   44
46   51
46   59
46   52
46   49
46   53
46   55
46   60
46   14
47   2
47   5
47   7
47   8
47   10
47   11
47   13
47   14
47   16
47   18
47   20
47   21
47   25
47   26
47   27
47   31
47   32
47   33
47   34
47   37
47   40
47   44
47   45
47   50
47   56
47   52
47   49
47   57
47   58
48   3
48   10
48   14
48   17
48   19
48   20
48   21
48   22
48   27
48   28
48   30
48   31
48   34
48   35
48   39
48   40
48   41
48   43
48   44
48   50
48   59
48   52
48   49
48   53
48   54
48   57
48   62
48   60
48   1
48   25
48   38
48   58
49   3
49   4
49   6
49   8
49   16
49   17
49   21
49   22
49   23
49   27
49   30
49   31
49   32
49   33
49   34
49   35
49   37
49   40
49   43
49   44
49   46
49   47
49   48
49   50
49   51
49   59
49   60
49   53
49   54
49   57
49   13
49   41
49   18
49   2
49   20
49   42
49   14
50   4
50   5
50   7
50   8
50   9
50   11
50   12
50   14
50   16
50   17
50   18
50   21
50   22
50   23
50   24
50   25
50   30
50   34
50   35
50   36
50   37
50   39
50   40
50   41
50   44
50   45
50   47
50   48
50   49
50   51
50   59
50   60
50   53
50   54
50   62
50   57
50   43
50   3
56   5
56   6
56   8
56   10
56   14
56   15
56   17
56   18
56   21
56   22
56   25
56   28
56   30
56   31
56   32
56   33
56   37
56   38
56   39
56   41
56   42
56   44
56   45
56   47
56   53
56   55
56   56
56   3
56   7
56   40
56   23
56   59
56   4
56   12
51   4
51   5
51   7
51   8
51   10
51   11
51   12
51   15
51   16
51   18
51   20
51   21
51   22
51   27
51   29
51   36
51   37
51   40
51   41
51   44
51   45
51   46
51   49
51   50
51   59
51   52
51   60
51   53
51   61
51   54
51   57
51   58
51   1
51   39
51   32
54   4
54   6
54   8
54   9
54   10
54   11
54   14
54   15
54   19
54   20
54   21
54   22
54   24
54   27
54   33
54   34
54   35
54   37
54   40
54   48
54   49
54   50
54   51
54   52
54   57
54   62
54   58
54   31
54   42
54   3
54   25
54   18
54   26
54   60
55   4
55   7
55   8
55   15
55   16
55   19
55   24
55   26
55   28
55   30
55   31
55   35
55   36
55   39
55   42
55   43
55   44
55   46
55   56
55   52
55   53
55   60
55   57
55   62
55   58
55   61
55   34
55   13
55   29
55   20
57   4
57   9
57   11
57   13
57   15
57   19
57   20
57   21
57   24
57   25
57   28
57   33
57   35
57   37
57   38
57   42
57   43
57   47
57   48
57   49
57   51
57   54
57   55
57   53
57   59
57   60
57   61
57   62
57   58
57   50
57   6
58   4
58   5
58   7
58   11
58   12
58   14
58   15
58   19
58   20
58   22
58   25
58   27
58   29
58   32
58   35
58   37
58   40
58   47
58   51
58   54
58   57
58   52
58   62
58   17
58   55
58   16
58   42
58   21
58   45
58   48
59   5
59   8
59   11
59   12
59   13
59   16
59   19
59   20
59   23
59   25
59   26
59   27
59   31
59   32
59   35
59   38
59   40
59   43
59   46
59   48
59   49
59   50
59   51
59   57
59   52
59   60
59   61
59   62
59   42
59   7
59   28
59   56
59   36
59   21
60   5
60   7
60   10
60   11
60   15
60   17
60   19
60   20
60   21
60   22
60   23
60   32
60   35
60   39
60   40
60   41
60   43
60   44
60   49
60   50
60   51
60   55
60   57
60   59
60   52
60   53
60   48
60   18
60   38
60   46
60   29
60   4
60   6
60   54
53   5
53   11
53   14
53   15
53   18
53   22
53   26
53   27
53   29
53   30
53   31
53   33
53   34
53   36
53   39
53   40
53   41
53   42
53   43
53   44
53   45
53   46
53   48
53   49
53   50
53   56
53   51
53   55
53   57
53   60
53   52
53   61
53   62
53   10
53   13
53   17
53   2
53   21
61   5
61   6
61   16
61   22
61   23
61   25
61   26
61   27
61   30
61   32
61   39
61   51
61   57
61   59
61   53
61   38
61   37
61   14
61   10
61   55
61   43
61   2
61   28
61   61
61   42
61   7
62   6
62   16
62   28
62   34
62   37
62   38
62   40
62   48
62   50
62   54
62   55
62   57
62   59
62   53
62   58
62   11
62   20
62   3
62   30
62   24
62   5
62   9
62   41
62   8
62   2
52   9
52   10
52   12
52   14
52   15
52   16
52   24
52   25
52   26
52   32
52   34
52   40
52   44
52   46
52   47
52   48
52   51
52   54
52   55
52   58
52   59
52   60
52   53
52   23
52   30
52   39
52   27
