1   4
1   11
1   15
1   6
1   1
1   5
1   18
1   16
1   17
1   2
1   9
1   3
1   14
1   12
1   10
3   6
3   10
3   3
3   14
3   7
3   9
3   12
3   8
3   2
3   5
3   16
3   18
3   1
3   11
3   13
3   17
12   10
12   3
12   13
12   15
12   4
12   9
12   6
12   8
12   18
12   1
12   2
12   5
12   17
5   8
5   11
5   6
5   13
5   17
5   15
5   9
5   1
5   4
5   7
5   2
5   3
5   10
5   18
5   12
8   5
8   18
8   17
8   11
8   3
8   14
8   10
8   12
8   15
8   7
8   13
8   6
9   3
9   7
9   5
9   14
9   12
9   10
9   18
9   16
9   1
9   2
9   15
9   17
7   3
7   4
7   18
7   9
7   16
7   5
7   14
7   11
7   17
7   8
7   13
2   14
2   16
2   17
2   2
2   1
2   10
2   5
2   6
2   13
2   3
2   15
2   18
2   9
2   12
2   11
2   4
14   2
14   13
14   3
14   8
14   9
14   4
14   7
14   6
14   10
14   1
14   11
14   17
14   18
14   16
6   6
6   3
6   5
6   1
6   17
6   16
6   12
6   14
6   2
6   15
6   4
6   10
6   18
6   11
6   8
4   1
4   7
4   16
4   18
4   12
4   5
4   15
4   14
4   10
4   11
4   17
4   6
4   2
17   17
17   8
17   10
17   5
17   16
17   15
17   2
17   6
17   1
17   11
17   4
17   7
17   9
17   12
17   13
17   14
17   3
16   2
16   4
16   17
16   10
16   11
16   7
16   6
16   1
16   9
16   3
16   14
11   5
11   8
11   1
11   11
11   16
11   17
11   4
11   13
11   14
11   7
11   2
11   3
11   6
11   15
18   8
18   10
18   7
18   4
18   1
18   9
18   12
18   3
18   2
18   5
18   6
18   14
18   15
13   14
13   5
13   10
13   12
13   2
13   11
13   17
13   8
13   7
13   3
10   10
10   3
10   12
10   18
10   17
10   13
10   16
10   8
10   4
10   9
10   2
10   14
10   5
10   6
10   1
15   5
15   1
15   17
15   12
15   4
15   8
15   2
15   6
15   9
15   15
15   11
15   18
