1   1
1   33
1   42
1   6
1   25
1   4
1   23
1   36
1   24
1   41
1   32
1   13
1   16
1   35
1   18
1   7
2   41
2   33
2   4
2   7
2   26
2   21
2   31
2   16
2   12
2   35
2   9
2   14
2   39
2   32
2   6
2   40
2   15
2   43
2   19
3   37
3   14
3   3
3   28
3   27
3   32
3   31
3   24
3   9
3   43
3   23
3   13
3   15
3   12
3   34
3   35
3   10
3   25
3   11
3   19
6   7
6   34
6   1
6   42
6   31
6   21
6   25
6   39
6   2
6   22
6   12
6   18
6   10
6   26
6   20
6   35
6   8
11   29
11   4
11   43
11   42
11   19
11   38
11   28
11   36
11   7
11   35
11   17
11   3
11   22
11   23
11   39
12   25
12   35
12   5
12   17
12   42
12   21
12   32
12   27
12   2
12   36
12   16
12   24
12   41
12   13
12   22
12   3
12   34
12   30
12   33
12   6
12   8
12   9
12   10
12   7
12   31
13   39
13   33
13   24
13   10
13   28
13   16
13   7
13   37
13   3
13   12
13   32
13   36
13   15
13   34
13   1
13   18
13   20
14   3
14   30
14   24
14   16
14   36
14   8
14   42
14   21
14   5
14   14
14   23
14   18
14   17
14   7
14   29
14   2
14   22
14   25
14   33
14   37
14   10
14   15
15   41
15   20
15   28
15   36
15   34
15   27
15   3
15   40
15   8
15   10
15   43
15   13
15   29
15   32
15   2
15   23
15   22
15   42
15   18
15   9
15   14
15   30
16   7
16   29
16   14
16   37
16   38
16   13
16   2
16   19
16   12
16   23
16   4
16   25
16   42
16   39
16   35
16   24
16   1
16   5
16   40
16   34
20   35
20   30
20   21
20   5
20   15
20   26
20   28
20   23
20   40
20   18
20   37
20   7
20   31
20   39
20   10
20   41
20   6
20   8
20   13
38   23
38   39
38   42
38   16
38   11
38   7
38   29
38   19
38   4
38   9
38   27
38   41
38   24
38   30
38   40
38   34
32   4
32   32
32   37
32   3
32   12
32   25
32   19
32   39
32   13
32   41
32   18
32   35
32   23
32   17
32   34
32   2
32   15
32   42
32   1
22   4
22   7
22   37
22   17
22   24
22   36
22   12
22   19
22   25
22   42
22   21
22   14
22   6
22   28
22   11
22   39
22   15
22   41
22   18
22   23
22   40
27   26
27   18
27   27
27   3
27   24
27   12
27   23
27   33
27   15
27   21
27   31
27   38
21   21
21   24
21   40
21   20
21   14
21   2
21   12
21   4
21   33
21   31
21   6
21   22
21   27
21   25
21   23
21   39
21   37
21   41
40   40
40   29
40   8
40   21
40   18
40   28
40   20
40   25
40   15
40   33
40   37
40   17
40   24
40   9
40   2
40   10
40   38
40   16
40   4
40   22
30   7
30   14
30   8
30   20
30   31
30   42
30   35
30   24
30   12
30   19
30   39
30   10
30   43
30   41
30   9
30   37
30   38
30   26
30   15
35   20
35   29
35   35
35   12
35   2
35   31
35   30
35   37
35   41
35   32
35   34
35   3
35   10
35   11
35   5
35   17
35   19
35   16
35   1
35   6
34   34
34   33
34   8
34   6
34   36
34   15
34   43
34   10
34   12
34   17
34   19
34   35
34   39
34   29
34   9
34   3
34   26
34   32
34   13
34   42
34   4
34   38
34   16
17   39
17   12
17   36
17   22
17   10
17   23
17   14
17   18
17   34
17   8
17   40
17   32
17   25
17   11
17   35
17   28
17   5
17   41
39   38
39   17
39   13
39   10
39   42
39   39
39   33
39   29
39   26
39   32
39   37
39   25
39   30
39   34
39   20
39   6
39   2
39   16
39   5
39   4
39   22
39   36
39   11
39   21
4   36
4   32
4   22
4   43
4   31
4   11
4   2
4   21
4   38
4   8
4   10
4   1
4   9
4   28
4   16
4   25
4   39
4   34
4   40
4   37
5   26
5   33
5   12
5   20
5   14
5   8
5   10
5   36
5   29
5   35
5   39
5   16
5   17
5   24
8   34
8   40
8   30
8   14
8   10
8   23
8   8
8   5
8   4
8   15
8   17
8   12
8   9
8   20
8   6
10   10
10   39
10   8
10   13
10   43
10   17
10   37
10   5
10   24
10   34
10   4
10   33
10   42
10   19
10   15
10   30
10   35
10   3
10   40
10   20
10   6
10   12
10   14
28   37
28   9
28   3
28   26
28   28
28   20
28   40
28   13
28   15
28   11
28   33
28   24
28   4
28   41
28   22
28   7
28   17
28   23
28   19
29   11
29   35
29   40
29   16
29   19
29   43
29   33
29   38
29   39
29   29
29   14
29   34
29   41
29   5
29   36
29   15
29   26
33   34
33   9
33   31
33   2
33   33
33   13
33   5
33   37
33   29
33   1
33   19
33   39
33   36
33   27
33   21
33   28
33   23
33   10
33   24
33   12
33   40
33   26
33   18
33   7
33   14
33   42
41   2
41   15
41   9
41   41
41   43
41   12
41   35
41   32
41   29
41   36
41   30
41   38
41   1
41   42
41   28
41   22
41   20
41   21
41   17
9   33
9   28
9   41
9   25
9   36
9   3
9   31
9   23
9   9
9   2
9   38
9   4
9   34
9   30
9   26
9   40
9   12
9   8
9   15
9   24
18   27
18   40
18   18
18   36
18   14
18   20
18   17
18   26
18   32
18   24
18   33
18   6
18   22
18   13
18   15
18   25
18   1
25   12
25   9
25   32
25   40
25   43
25   1
25   39
25   22
25   16
25   4
25   21
25   6
25   17
25   37
25   3
25   23
25   14
25   18
7   6
7   30
7   16
7   22
7   26
7   38
7   2
7   13
7   24
7   31
7   14
7   11
7   20
7   43
7   37
7   36
7   28
7   19
7   33
7   12
7   42
7   1
19   29
19   36
19   19
19   11
19   33
19   37
19   38
19   42
19   16
19   23
19   32
19   22
19   30
19   34
19   10
19   31
19   24
19   35
19   7
19   2
19   3
19   28
23   38
23   8
23   20
23   27
23   9
23   3
23   19
23   14
23   17
23   33
23   16
23   32
23   1
23   24
23   42
23   25
23   15
23   11
23   21
23   22
23   28
36   4
36   14
36   26
36   19
36   34
36   9
36   17
36   15
36   33
36   12
36   18
36   22
36   11
36   5
36   1
36   41
36   13
36   29
36   7
36   39
36   24
26   27
26   43
26   5
26   28
26   36
26   7
26   31
26   20
26   2
26   24
26   39
26   18
26   33
26   34
26   9
26   30
26   29
26   42
26   6
31   4
31   33
31   3
31   26
31   2
31   9
31   35
31   21
31   30
31   43
31   7
31   6
31   20
31   27
31   19
31   12
42   11
42   14
42   38
42   39
42   12
42   1
42   19
42   6
42   30
42   10
42   22
42   16
42   41
42   32
42   23
42   15
42   26
42   34
42   7
42   33
43   4
43   11
43   26
43   29
43   34
43   3
43   41
43   10
43   25
43   31
43   7
43   15
43   30
43   2
24   24
24   21
24   14
24   13
24   26
24   3
24   27
24   12
24   7
24   22
24   10
24   30
24   28
24   33
24   18
24   40
24   1
24   19
24   38
24   23
24   16
24   36
24   9
24   5
37   3
37   28
37   32
37   33
37   16
37   19
37   22
37   10
37   13
37   20
37   35
37   39
37   40
37   7
37   25
37   30
37   21
37   14
37   4
