1   50
1   37
1   21
1   25
1   68
1   65
1   34
1   16
1   18
1   27
1   3
1   63
1   15
1   60
1   51
1   7
1   48
2   53
2   31
2   70
2   27
2   47
2   50
2   42
2   11
2   15
2   23
2   8
2   5
2   17
2   24
2   67
2   3
3   37
3   10
3   36
3   40
3   60
3   5
3   19
3   20
3   66
3   38
3   1
3   15
3   61
3   35
3   31
3   44
3   33
3   53
3   14
3   68
3   2
3   69
4   11
4   60
4   31
4   19
4   25
4   68
4   38
4   7
4   30
4   43
4   36
7   46
7   55
7   63
7   70
7   36
7   31
7   34
7   11
7   12
7   45
7   32
7   4
7   29
7   57
7   17
7   56
7   1
7   5
20   21
20   26
20   56
20   59
20   3
20   63
20   64
20   25
20   43
20   23
20   29
20   31
42   66
42   56
42   22
42   68
42   50
42   61
42   69
42   2
42   42
42   17
42   67
42   12
42   48
42   70
42   57
42   13
42   37
42   62
42   44
42   47
42   8
42   65
42   39
42   32
42   54
42   28
29   61
29   65
29   63
29   57
29   68
29   6
29   9
29   13
29   29
29   43
29   54
29   7
29   45
29   64
29   38
29   15
29   39
29   20
29   24
35   53
35   11
35   39
35   51
35   64
35   49
35   38
35   13
35   59
35   68
35   33
35   28
35   36
35   3
35   26
35   46
35   54
35   66
67   17
67   30
67   40
67   58
67   22
67   67
67   31
67   42
67   57
67   34
67   23
67   68
67   24
67   69
67   61
67   25
67   37
67   2
67   63
40   27
40   12
40   46
40   67
40   37
40   55
40   3
40   63
40   34
40   17
40   30
40   28
40   64
40   36
40   22
40   39
40   40
40   11
40   41
40   31
55   11
55   7
55   59
55   47
55   40
55   33
55   53
55   12
55   60
55   64
55   48
55   55
55   36
55   5
55   44
55   30
55   50
55   54
52   9
52   26
52   66
52   36
52   10
52   65
52   16
52   31
52   44
52   51
52   34
26   52
26   51
26   65
26   20
26   17
26   63
26   5
26   61
26   43
26   37
26   35
26   47
16   69
16   51
16   60
16   53
16   63
16   52
16   1
16   43
16   49
16   45
16   11
16   70
16   31
16   36
16   8
33   57
33   54
33   48
33   60
33   43
33   69
33   14
33   8
33   55
33   33
33   35
33   22
33   13
33   3
33   21
21   20
21   10
21   30
21   9
21   48
21   1
21   28
21   37
21   17
21   32
21   11
21   54
21   63
21   33
21   14
15   65
15   43
15   12
15   70
15   36
15   66
15   2
15   59
15   1
15   69
15   53
15   3
15   28
15   23
15   29
15   32
23   25
23   12
23   41
23   53
23   45
23   54
23   30
23   47
23   67
23   62
23   2
23   48
23   14
23   15
23   20
5   66
5   62
5   63
5   5
5   53
5   3
5   61
5   41
5   25
5   6
5   19
5   31
5   26
5   2
5   37
5   60
5   7
5   55
5   30
34   47
34   45
34   36
34   69
34   70
34   44
34   7
34   19
34   1
34   40
34   38
34   67
34   13
34   39
34   63
34   46
34   52
34   37
34   10
34   34
48   48
48   44
48   59
48   33
48   25
48   68
48   21
48   32
48   57
48   13
48   64
48   42
48   10
48   23
48   55
48   63
48   69
48   9
48   43
48   1
17   67
17   12
17   64
17   30
17   41
17   13
17   56
17   26
17   42
17   40
17   21
17   45
17   2
17   7
17   46
17   60
61   10
61   22
61   29
61   19
61   42
61   5
61   9
61   62
61   8
61   36
61   32
61   53
61   64
61   26
61   67
61   3
61   39
10   61
10   32
10   19
10   3
10   21
10   64
10   22
10   52
10   65
10   48
10   70
10   46
10   11
10   34
10   31
10   41
10   38
10   50
60   4
60   16
60   33
60   36
60   66
60   3
60   9
60   25
60   22
60   55
60   1
60   58
60   39
60   51
60   31
60   5
60   17
60   37
60   63
39   58
39   35
39   59
39   36
39   30
39   53
39   34
39   65
39   12
39   60
39   28
39   42
39   24
39   40
39   29
39   61
39   41
28   51
28   65
28   36
28   50
28   12
28   21
28   40
28   38
28   45
28   35
28   43
28   15
28   68
28   46
28   39
28   19
28   54
28   63
28   22
28   42
68   48
68   42
68   46
68   44
68   50
68   1
68   4
68   29
68   36
68   30
68   49
68   47
68   35
68   67
68   64
68   32
68   28
68   45
68   9
68   3
68   14
65   45
65   25
65   15
65   26
65   49
65   29
65   44
65   28
65   64
65   1
65   52
65   53
65   10
65   46
65   43
65   39
65   42
65   6
65   62
45   65
45   34
45   23
45   54
45   31
45   56
45   7
45   28
45   17
45   29
45   53
45   14
45   25
45   16
45   50
45   57
45   27
45   68
38   47
38   62
38   8
38   35
38   59
38   4
38   34
38   18
38   28
38   3
38   41
38   29
38   43
38   66
38   10
49   25
49   65
49   24
49   6
49   63
49   41
49   35
49   68
49   22
49   46
49   16
49   70
49   57
37   37
37   59
37   3
37   25
37   6
37   40
37   1
37   46
37   24
37   27
37   21
37   36
37   42
37   5
37   34
37   26
37   63
37   67
37   11
37   60
64   31
64   17
64   64
64   32
64   57
64   35
64   10
64   22
64   58
64   65
64   48
64   19
64   20
64   13
64   68
64   61
64   40
64   55
64   29
64   70
64   36
19   19
19   4
19   57
19   10
19   61
19   27
19   12
19   36
19   31
19   34
19   3
19   5
19   24
19   64
19   13
19   28
19   53
8   58
8   50
8   33
8   38
8   31
8   69
8   61
8   18
8   2
8   44
8   42
8   16
24   24
24   49
24   22
24   14
24   27
24   36
24   59
24   37
24   19
24   25
24   31
24   67
24   2
24   56
24   39
24   9
24   70
24   29
9   9
9   46
9   57
9   52
9   58
9   21
9   44
9   61
9   29
9   60
9   56
9   69
9   27
9   18
9   14
9   70
9   48
9   68
9   24
9   13
27   53
27   40
27   62
27   19
27   24
27   2
27   46
27   18
27   37
27   9
27   1
27   69
27   25
27   45
6   37
6   47
6   49
6   69
6   63
6   29
6   14
6   5
6   44
6   65
6   51
59   25
59   37
59   56
59   48
59   55
59   70
59   38
59   39
59   20
59   24
59   35
59   15
59   22
59   46
59   54
11   4
11   12
11   55
11   35
11   62
11   41
11   50
11   7
11   2
11   56
11   21
11   10
11   69
11   16
11   40
11   37
57   33
57   9
57   19
57   29
57   30
57   64
57   48
57   67
57   42
57   7
57   56
57   54
57   18
57   41
57   45
57   49
46   58
46   9
46   7
46   40
46   68
46   37
46   27
46   43
46   41
46   65
46   14
46   49
46   22
46   59
46   10
46   34
46   28
46   17
46   35
13   25
13   13
13   44
13   50
13   14
13   70
13   17
13   31
13   48
13   35
13   29
13   41
13   64
13   34
13   42
13   19
13   33
13   66
13   9
70   70
70   59
70   7
70   13
70   14
70   34
70   2
70   53
70   58
70   15
70   12
70   25
70   63
70   42
70   10
70   49
70   64
70   66
70   16
70   9
70   44
70   24
18   31
18   43
18   1
18   27
18   18
18   51
18   38
18   44
18   9
18   8
18   57
18   14
18   41
25   59
25   65
25   13
25   37
25   49
25   48
25   4
25   51
25   23
25   1
25   58
25   5
25   60
25   70
25   24
25   45
25   20
25   31
25   27
25   67
25   32
25   14
54   14
54   33
54   32
54   41
54   51
54   45
54   23
54   54
54   50
54   22
54   29
54   57
54   21
54   59
54   28
54   35
54   55
54   42
30   67
30   17
30   57
30   21
30   51
30   68
30   23
30   40
30   36
30   39
30   41
30   47
30   4
30   32
30   55
30   5
47   34
47   56
47   38
47   44
47   6
47   55
47   2
47   66
47   23
47   68
47   32
47   42
47   30
47   14
47   26
62   31
62   5
62   22
62   11
62   27
62   38
62   12
62   61
62   23
62   42
62   56
62   14
62   65
58   46
58   8
58   32
58   67
58   41
58   53
58   58
58   9
58   39
58   66
58   70
58   64
58   25
58   60
56   59
56   42
56   47
56   17
56   20
56   9
56   45
56   11
56   57
56   62
56   24
56   7
56   50
63   44
63   7
63   53
63   32
63   29
63   49
63   5
63   6
63   16
63   40
63   26
63   70
63   1
63   20
63   34
63   41
63   48
63   12
63   37
63   21
63   28
63   60
63   67
44   48
44   63
44   13
44   44
44   47
44   65
44   68
44   32
44   12
44   34
44   22
44   51
44   9
44   6
44   52
44   18
44   8
44   42
44   53
44   3
44   55
44   70
44   50
66   5
66   42
66   58
66   52
66   60
66   47
66   31
66   3
66   15
66   43
66   38
66   70
66   22
66   13
66   35
50   22
50   1
50   13
50   8
50   31
50   12
50   42
50   68
50   28
50   11
50   2
50   54
50   51
50   41
50   45
50   56
50   44
50   55
50   10
53   35
53   27
53   63
53   2
53   16
53   58
53   14
53   23
53   5
53   70
53   65
53   55
53   61
53   45
53   15
53   39
53   44
53   69
53   41
53   3
53   19
41   31
41   14
41   41
41   11
41   58
41   17
41   23
41   49
41   54
41   46
41   5
41   13
41   12
41   38
41   30
41   63
41   50
41   57
41   51
41   18
41   10
41   40
41   53
41   39
22   50
22   61
22   42
22   62
22   24
22   67
22   51
22   64
22   44
22   10
22   49
22   54
22   60
22   46
22   59
22   33
22   40
22   66
22   28
14   54
14   41
14   51
14   13
14   24
14   70
14   33
14   53
14   6
14   46
14   9
14   23
14   45
14   12
14   62
14   18
14   47
14   25
14   3
14   68
14   21
12   11
12   17
12   40
12   15
12   23
12   62
12   50
12   19
12   44
12   28
12   70
12   42
12   41
12   7
12   55
12   39
12   14
12   63
12   69
43   15
43   33
43   31
43   46
43   18
43   29
43   65
43   16
43   66
43   28
43   26
43   38
43   4
43   20
43   48
51   28
51   26
51   16
51   14
51   25
51   22
51   35
51   44
51   54
51   30
51   18
51   52
51   50
51   60
51   1
51   41
51   6
32   31
32   58
32   63
32   10
32   54
32   64
32   44
32   48
32   47
32   7
32   21
32   61
32   68
32   30
32   15
32   25
32   42
31   31
31   64
31   62
31   32
31   41
31   4
31   36
31   50
31   2
31   13
31   19
31   7
31   43
31   18
31   66
31   67
31   52
31   8
31   45
31   5
31   24
31   60
31   25
31   3
31   10
31   16
31   40
31   20
69   36
69   16
69   33
69   34
69   6
69   42
69   9
69   8
69   27
69   15
69   67
69   11
69   12
69   48
69   53
69   3
36   69
36   31
36   34
36   3
36   60
36   19
36   28
36   52
36   24
36   7
36   15
36   68
36   39
36   30
36   61
36   37
36   35
36   40
36   55
36   64
36   4
36   16
