1   133
1   21
1   117
1   89
1   9
1   35
1   129
1   115
1   60
2   31
2   69
2   97
2   26
2   10
2   58
2   110
2   85
2   37
2   63
2   128
2   8
3   52
3   133
3   98
3   127
3   85
3   122
3   80
3   113
3   50
3   63
3   31
4   101
4   85
4   89
4   83
4   69
4   54
7   126
7   68
7   17
7   115
7   132
7   103
7   108
7   112
7   40
7   23
7   79
8   115
8   105
8   17
8   2
10   85
10   76
10   32
10   115
10   2
10   107
10   106
10   33
10   68
10   42
10   93
10   74
10   55
13   51
13   121
13   115
13   57
17   67
17   107
17   7
17   78
17   50
17   8
17   56
17   73
17   136
17   131
17   114
21   21
21   121
21   1
21   27
21   46
21   73
21   122
21   100
21   85
21   110
24   83
24   86
24   39
24   64
24   70
25   103
25   93
25   94
25   36
25   18
25   83
25   31
25   118
25   99
25   22
26   35
26   136
26   2
26   63
27   126
27   21
27   121
27   64
27   56
27   75
27   96
27   78
27   118
27   71
27   97
28   9
28   47
28   108
28   129
28   45
28   75
28   105
31   59
31   2
31   102
31   25
31   132
31   19
31   119
31   99
31   16
31   83
31   3
34   57
34   15
34   127
34   35
34   78
34   77
34   90
34   45
41   43
41   98
41   124
41   5
41   78
41   117
41   42
45   94
45   93
45   40
45   96
45   77
45   75
45   122
45   35
45   125
45   128
45   32
45   54
45   28
45   20
45   34
46   116
46   21
46   75
46   100
46   69
46   119
53   42
53   73
53   68
55   11
55   79
55   130
55   49
55   54
55   37
55   10
55   102
55   29
55   91
59   31
59   60
59   23
59   112
59   134
59   106
62   133
62   131
62   44
62   77
64   92
64   51
64   132
64   130
64   24
64   105
64   93
64   27
64   15
64   71
64   60
64   135
64   114
65   117
65   81
65   98
65   123
65   37
70   63
70   24
70   119
70   96
70   33
70   74
70   38
70   107
70   122
70   5
71   81
71   20
71   113
71   42
71   11
71   64
71   33
71   104
71   27
73   88
73   15
73   99
73   51
73   53
73   21
73   76
73   91
73   17
73   116
73   131
73   124
73   63
73   98
80   119
80   120
80   57
80   48
80   112
80   56
80   3
80   61
82   116
82   67
84   89
84   5
84   60
84   133
84   127
84   99
84   98
84   122
84   51
84   97
84   104
86   24
86   111
86   128
86   115
86   105
86   63
86   30
86   89
86   88
86   126
91   44
91   122
91   97
91   51
91   57
91   73
91   107
91   61
91   55
91   104
92   64
92   32
92   124
92   18
92   51
92   87
92   36
92   88
92   69
92   9
92   49
94   94
94   45
94   25
94   122
94   75
94   131
94   63
94   30
94   105
94   54
94   43
96   45
96   119
96   15
96   70
96   27
96   54
96   103
102   11
102   130
102   31
102   115
102   63
102   55
102   22
103   25
103   88
103   7
103   32
103   78
103   96
103   44
106   95
106   113
106   50
106   10
106   100
106   132
106   136
106   59
106   122
106   110
106   88
107   17
107   104
107   10
107   6
107   18
107   47
107   70
107   76
107   91
109   113
109   18
109   56
109   97
109   110
109   116
109   12
109   42
109   114
109   120
109   35
109   72
109   108
110   52
110   95
110   108
110   81
110   101
110   123
110   109
110   2
110   127
110   119
110   124
110   21
110   106
110   135
114   52
114   66
114   74
114   109
114   64
114   17
114   121
114   69
115   95
115   8
115   10
115   86
115   20
115   7
115   13
115   102
115   1
115   67
115   38
116   93
116   116
116   46
116   36
116   82
116   109
116   85
116   37
116   73
116   123
117   44
117   1
117   129
117   65
117   41
117   61
117   68
117   52
119   80
119   96
119   22
119   70
119   31
119   12
119   110
119   46
120   51
120   80
120   104
120   127
120   109
120   132
120   85
120   77
120   60
120   81
122   47
122   57
122   91
122   38
122   94
122   130
122   45
122   3
122   128
122   21
122   70
122   75
122   106
122   84
125   72
125   45
125   131
125   89
125   134
125   124
126   27
126   7
126   135
126   112
126   111
126   76
126   86
131   127
131   94
131   62
131   52
131   6
131   125
131   101
131   17
131   113
131   20
131   73
131   37
131   51
135   81
135   126
135   63
135   101
135   83
135   64
135   123
135   23
135   134
135   110
136   26
136   19
136   99
136   123
136   98
136   6
136   106
136   33
136   17
136   43
133   90
133   1
133   62
133   37
133   3
133   84
133   124
133   112
133   79
43   41
43   104
43   30
43   51
43   93
43   94
43   136
43   39
43   100
36   79
36   116
36   25
36   52
36   37
36   68
36   92
36   29
37   57
37   50
37   133
37   22
37   36
37   29
37   14
37   116
37   55
37   2
37   38
37   131
37   65
40   45
40   83
40   52
40   95
40   48
40   39
40   7
50   37
50   132
50   106
50   104
50   17
50   3
50   87
58   2
58   127
58   35
58   6
58   81
58   108
74   18
74   5
74   6
74   78
74   70
74   114
74   134
74   90
74   100
74   123
74   124
74   10
74   79
89   84
89   4
89   42
89   1
89   86
89   125
98   128
98   98
98   3
98   41
98   136
98   84
98   65
98   73
105   61
105   35
105   8
105   86
105   64
105   56
105   94
105   28
105   130
105   121
124   49
124   92
124   19
124   41
124   14
124   16
124   68
124   133
124   110
124   74
124   73
124   125
134   67
134   57
134   47
134   74
134   59
134   135
134   125
61   75
61   69
61   105
61   87
61   16
61   32
61   117
61   91
61   23
61   80
6   30
6   74
6   107
6   81
6   58
6   131
6   136
6   95
6   51
6   118
16   61
16   38
16   97
16   124
16   127
16   75
16   31
16   15
16   20
14   123
14   19
14   33
14   69
14   124
14   37
14   60
14   100
14   127
14   130
15   34
15   73
15   81
15   128
15   96
15   64
15   101
15   132
15   104
15   87
15   16
39   24
39   75
39   85
39   30
39   40
39   43
56   35
56   109
56   27
56   80
56   66
56   17
56   60
56   105
60   59
60   84
60   42
60   64
60   14
60   56
60   1
60   99
60   120
60   108
77   45
77   81
77   72
77   62
77   85
77   34
77   120
77   51
77   9
77   118
77   83
99   95
99   73
99   136
99   85
99   23
99   84
99   31
99   97
99   128
99   25
99   60
99   101
101   4
101   35
101   101
101   110
101   15
101   69
101   135
101   131
101   99
118   75
118   128
118   108
118   68
118   25
118   6
118   27
118   77
33   14
33   127
33   10
33   70
33   85
33   71
33   136
104   44
104   107
104   50
104   104
104   120
104   43
104   71
104   15
104   84
104   91
20   71
20   115
20   131
20   45
20   121
20   16
5   123
5   74
5   84
5   5
5   121
5   41
5   85
5   70
5   93
9   28
9   108
9   67
9   47
9   1
9   30
9   92
9   77
9   88
11   55
11   87
11   102
11   71
12   51
12   111
12   88
12   93
12   30
12   109
12   119
12   108
18   74
18   25
18   109
18   92
18   107
18   69
18   63
19   14
19   132
19   136
19   124
19   31
19   95
19   123
22   38
22   111
22   37
22   119
22   123
22   68
22   102
22   25
23   78
23   99
23   59
23   135
23   61
23   7
29   37
29   68
29   72
29   79
29   78
29   55
29   36
38   22
38   63
38   122
38   16
38   70
38   48
38   115
38   37
38   78
38   129
42   53
42   121
42   79
42   71
42   89
42   113
42   75
42   109
42   60
42   10
42   41
44   117
44   91
44   104
44   62
44   93
44   121
44   103
47   122
47   79
47   28
47   9
47   108
47   134
47   107
47   90
47   95
47   35
47   93
49   124
49   32
49   55
49   67
49   92
51   12
51   13
51   64
51   120
51   79
51   54
51   73
51   91
51   66
51   92
51   6
51   43
51   77
51   84
51   78
51   131
52   110
52   114
52   68
52   40
52   87
52   3
52   36
52   30
52   130
52   131
52   83
52   75
52   117
54   51
54   55
54   45
54   94
54   96
54   4
57   37
57   122
57   34
57   93
57   80
57   134
57   13
57   91
57   108
57   113
57   75
63   38
63   135
63   70
63   94
63   26
63   102
63   86
63   2
63   73
63   3
63   30
63   18
66   48
66   51
66   114
66   56
66   66
67   17
67   72
67   134
67   9
67   67
67   115
67   49
67   100
67   82
69   87
69   61
69   2
69   14
69   101
69   4
69   46
69   83
69   75
69   92
69   18
69   114
72   67
72   125
72   29
72   77
72   109
72   83
75   118
75   61
75   94
75   39
75   45
75   42
75   27
75   46
75   122
75   16
75   28
75   69
75   52
75   57
78   23
78   17
78   97
78   100
78   74
78   41
78   34
78   29
78   27
78   103
78   38
78   51
79   47
79   36
79   51
79   55
79   42
79   29
79   130
79   74
79   127
79   133
79   7
81   135
81   71
81   110
81   15
81   6
81   77
81   76
81   113
81   35
81   65
81   58
81   120
83   24
83   40
83   25
83   4
83   135
83   69
83   111
83   72
83   52
83   31
83   77
87   69
87   11
87   61
87   52
87   68
87   92
87   15
87   50
88   73
88   103
88   12
88   68
88   92
88   86
88   9
88   106
90   133
90   95
90   74
90   121
90   47
90   34
95   99
95   115
95   106
95   110
95   90
95   40
95   19
95   6
95   47
97   2
97   127
97   16
97   78
97   91
97   109
97   99
97   84
97   27
100   78
100   106
100   46
100   74
100   67
100   21
100   14
100   43
108   110
108   9
108   28
108   47
108   118
108   57
108   7
108   93
108   109
108   12
108   60
108   58
111   12
111   22
111   86
111   129
111   126
111   83
113   106
113   109
113   71
113   42
113   81
113   57
113   131
113   3
128   98
128   118
128   15
128   86
128   45
128   122
128   35
128   99
128   2
129   111
129   117
129   1
129   28
129   38
132   64
132   19
132   50
132   31
132   7
132   123
132   15
132   106
132   120
35   101
35   26
35   56
35   105
35   45
35   34
35   1
35   58
35   81
35   109
35   128
35   121
35   47
76   10
76   127
76   81
76   73
76   107
76   126
76   130
112   80
112   59
112   126
112   133
112   7
48   66
48   80
48   40
48   85
48   38
68   52
68   7
68   88
68   87
68   118
68   29
68   36
68   124
68   10
68   22
68   53
68   117
30   12
30   6
30   52
30   39
30   43
30   94
30   86
30   9
30   63
121   42
121   21
121   13
121   5
121   27
121   44
121   90
121   35
121   20
121   114
121   105
85   10
85   4
85   99
85   39
85   3
85   5
85   33
85   48
85   116
85   77
85   2
85   21
85   120
85   32
127   131
127   34
127   97
127   3
127   33
127   76
127   84
127   58
127   16
127   110
127   120
127   79
127   14
32   92
32   10
32   49
32   61
32   32
32   45
32   103
32   85
123   14
123   5
123   110
123   136
123   22
123   132
123   74
123   135
123   116
123   65
123   19
130   64
130   102
130   55
130   122
130   52
130   79
130   93
130   105
130   76
130   14
93   116
93   25
93   45
93   12
93   57
93   64
93   44
93   10
93   130
93   43
93   5
93   108
93   93
93   47
