1   20
1   31
1   27
1   6
1   33
1   22
1   3
1   9
1   21
1   30
1   2
1   17
1   11
2   13
2   30
2   26
2   23
2   29
2   32
2   17
2   19
2   34
2   11
2   22
2   25
2   12
2   4
2   1
2   8
2   5
2   15
2   7
3   23
3   13
3   16
3   31
3   11
3   24
3   30
3   32
3   22
3   21
3   28
3   1
3   19
3   27
3   14
3   9
3   5
4   10
4   14
4   5
4   21
4   24
4   16
4   23
4   18
4   2
4   15
4   6
4   32
4   28
4   11
5   12
5   30
5   28
5   33
5   22
5   32
5   16
5   15
5   4
5   26
5   8
5   34
5   11
5   2
5   3
5   23
5   5
5   14
9   8
9   24
9   7
9   34
9   9
9   22
9   15
9   13
9   1
9   28
9   3
9   10
9   17
9   12
11   7
11   22
11   25
11   3
11   19
11   33
11   2
11   32
11   5
11   12
11   4
11   1
20   12
20   1
20   34
20   24
20   26
20   6
20   22
20   23
20   15
20   33
22   23
22   34
22   26
22   11
22   31
22   19
22   5
22   15
22   18
22   1
22   10
22   3
22   20
22   9
22   2
22   25
22   17
17   6
17   19
17   12
17   29
17   31
17   2
17   24
17   33
17   17
17   22
17   1
17   18
17   13
17   23
17   26
17   9
17   15
24   21
24   29
24   9
24   33
24   20
24   13
24   3
24   17
24   30
24   23
24   28
24   4
24   15
24   12
24   19
24   14
19   19
19   17
19   14
19   22
19   32
19   11
19   2
19   25
19   23
19   3
19   34
19   24
19   13
14   31
14   29
14   19
14   4
14   27
14   13
14   34
14   33
14   3
14   12
14   16
14   24
14   5
8   9
8   23
8   34
8   28
8   16
8   12
8   18
8   5
8   2
8   6
18   26
18   16
18   22
18   10
18   33
18   32
18   12
18   23
18   25
18   8
18   4
18   34
18   31
18   17
18   27
32   30
32   2
32   32
32   19
32   5
32   3
32   18
32   26
32   11
32   15
32   7
32   16
32   4
32   23
32   34
32   33
33   30
33   26
33   23
33   24
33   27
33   5
33   1
33   6
33   10
33   11
33   33
33   7
33   17
33   18
33   14
33   21
33   20
33   32
21   24
21   7
21   10
21   3
21   4
21   12
21   13
21   23
21   28
21   21
21   1
21   33
15   13
15   10
15   22
15   5
15   31
15   9
15   24
15   7
15   4
15   32
15   20
15   26
15   34
15   2
15   17
6   17
6   1
6   20
6   7
6   33
6   10
6   13
6   25
6   12
6   28
6   4
6   8
6   23
27   1
27   31
27   26
27   33
27   25
27   34
27   14
27   12
27   3
27   18
29   24
29   10
29   2
29   14
29   17
29   12
7   11
7   21
7   12
7   13
7   6
7   9
7   33
7   10
7   23
7   30
7   15
7   32
7   2
26   33
26   18
26   2
26   22
26   27
26   34
26   20
26   10
26   28
26   5
26   32
26   31
26   15
26   17
13   2
13   15
13   10
13   30
13   7
13   3
13   28
13   25
13   34
13   24
13   6
13   14
13   21
13   9
13   17
13   19
23   22
23   8
23   33
23   3
23   2
23   28
23   25
23   24
23   19
23   7
23   21
23   12
23   18
23   4
23   20
23   31
23   32
23   17
23   6
23   5
23   23
10   12
10   4
10   13
10   15
10   30
10   29
10   26
10   33
10   6
10   18
10   21
10   22
10   7
10   25
10   28
10   34
10   9
31   1
31   27
31   22
31   14
31   17
31   3
31   15
31   26
31   18
31   16
31   23
25   25
25   11
25   13
25   27
25   23
25   19
25   10
25   16
25   6
25   2
25   22
25   18
34   20
34   22
34   26
34   27
34   8
34   13
34   9
34   2
34   14
34   18
34   5
34   19
34   10
34   32
34   15
28   23
28   12
28   13
28   5
28   8
28   26
28   24
28   10
28   3
28   21
28   9
28   6
28   4
28   30
30   33
30   2
30   30
30   13
30   10
30   32
30   5
30   3
30   24
30   7
30   1
30   12
30   28
16   3
16   18
16   5
16   8
16   25
16   4
16   31
16   14
16   32
12   20
12   10
12   7
12   5
12   28
12   17
12   29
12   27
12   8
12   21
12   18
12   2
12   23
12   6
12   14
12   30
12   24
12   11
12   9
