1   983
1   387
2   384
3   861
3   1010
3   833
3   297
17   938
17   389
4   749
4   1161
4   207
16   722
16   628
16   80
16   137
18   278
18   1143
855   230
855   986
855   209
15   988
15   772
15   62
19   274
19   498
823   266
390   175
390   766
390   504
389   17
391   714
391   261
6   532
6   947
6   1045
7   563
7   1087
7   1095
7   20
880   805
8   86
8   628
8   943
8   892
22   985
22   1025
22   513
22   787
23   1072
23   122
23   218
411   368
411   431
453   885
453   409
453   329
454   902
889   979
889   1161
889   963
9   121
9   377
9   292
9   710
9   990
9   673
479   620
479   986
479   636
479   1056
479   1162
479   615
479   1158
480   900
480   326
480   428
561   27
561   562
561   506
561   135
561   807
409   453
409   721
885   453
885   417
885   316
885   875
24   953
24   179
24   997
24   1038
24   362
24   353
537   476
537   920
538   44
538   526
538   908
1078   544
1078   228
1078   904
1109   272
43   50
43   815
43   41
64   65
64   36
64   529
64   247
410   1119
410   161
410   533
410   110
412   1028
412   425
452   1018
874   1118
46   589
46   913
39   552
42   523
10   1134
620   479
620   638
620   1000
620   685
620   720
481   21
481   502
27   561
27   656
27   362
27   429
27   918
27   936
27   32
562   561
562   811
562   159
562   157
862   943
862   524
862   544
1024   815
1024   45
1024   328
1024   941
884   60
25   654
25   20
1110   591
1110   139
621   641
621   567
621   942
622   458
622   1104
51   913
51   45
51   86
539   994
1111   813
1111   799
44   538
44   1060
50   43
455   93
455   820
65   64
394   52
394   843
394   118
842   150
1014   684
1014   372
402   250
402   377
477   734
477   1064
875   665
875   21
875   885
875   505
873   1101
873   629
873   1031
873   228
1028   412
45   1024
45   782
45   392
45   51
45   636
47   266
47   469
485   763
485   121
1036   1118
536   1139
536   138
536   722
1073   40
1075   35
1075   773
1075   775
1075   1068
12   559
12   1076
26   677
28   828
28   791
57   265
560   297
560   745
535   1118
535   435
535   540
1139   536
1139   915
598   324
598   572
598   532
598   571
598   314
30   31
30   233
30   695
559   12
559   82
591   1155
591   1110
591   208
591   718
619   850
619   612
14   773
14   255
14   75
596   94
596   636
1138   753
1138   604
1138   291
1138   1017
1138   484
1138   1130
31   30
31   1007
31   224
31   638
593   927
594   661
594   797
34   223
34   1033
34   765
34   829
595   1004
595   152
595   274
595   145
1137   979
32   33
32   90
32   573
32   27
592   206
592   224
918   27
918   766
33   32
33   634
1158   551
1158   1068
1158   479
20   25
20   7
20   790
388   1130
388   1063
388   329
627   303
627   1083
822   192
822   989
21   1020
21   481
21   875
21   668
21   957
387   545
387   986
387   1163
387   1
861   815
861   3
861   1098
861   563
626   322
626   815
386   321
625   225
625   983
628   465
628   670
628   16
628   8
628   888
1027   105
1027   359
1027   227
1025   22
597   699
597   185
1023   219
1023   320
1023   168
52   893
52   394
52   467
52   745
52   344
540   531
540   991
540   407
540   535
540   1008
540   1114
540   785
35   531
35   83
35   1075
35   319
35   949
35   985
36   725
36   64
36   493
392   228
392   45
392   552
37   267
37   168
631   368
631   599
631   789
38   1007
38   659
1011   214
1011   163
68   456
68   956
1012   798
1012   681
1013   456
1013   337
40   1073
40   1076
40   934
40   209
413   252
876   421
876   346
876   297
876   744
483   494
67   342
69   1050
69   365
69   612
69   679
41   43
414   555
414   146
1029   708
877   194
877   1156
877   810
877   431
1015   980
882   1125
882   496
882   443
878   359
878   487
883   966
883   697
883   218
883   268
49   958
49   518
49   344
629   184
629   873
629   1009
456   68
456   1013
456   693
416   1128
416   800
416   236
416   1126
888   472
888   365
888   628
888   910
48   278
53   1080
53   1004
53   155
53   278
902   1060
902   454
900   480
900   240
900   401
900   244
900   1086
900   429
70   779
457   1058
72   808
72   935
486   1167
486   1081
890   144
890   464
484   1138
484   775
484   423
71   213
71   1140
71   839
71   195
74   661
75   1080
75   1130
75   465
75   712
75   14
487   636
487   399
487   745
487   250
487   766
487   878
674   827
674   856
76   385
488   1022
672   345
672   269
672   314
673   506
673   9
673   1124
673   218
107   909
107   533
107   786
107   1057
54   1142
54   153
903   851
903   570
55   204
56   541
56   1097
56   1152
81   533
81   569
81   512
1112   872
541   56
541   967
541   298
912   725
912   782
912   1010
80   501
80   16
80   936
82   1033
82   384
82   654
82   559
904   1078
904   945
904   585
86   8
86   1093
86   51
86   134
85   1152
85   666
85   721
154   523
154   835
154   1098
1143   18
1143   814
1143   330
1143   1154
115   245
115   450
115   470
84   503
914   1173
914   209
153   54
155   53
58   59
58   831
59   58
60   298
60   884
60   973
60   546
61   856
61   122
62   1052
62   260
62   15
62   526
63   188
1144   799
66   243
66   129
66   990
395   295
395   169
987   428
987   1056
633   1067
396   468
396   761
396   152
396   359
988   338
988   630
988   105
988   405
988   15
988   792
100   518
100   1103
991   540
992   225
992   88
630   988
630   307
103   418
103   436
103   428
397   923
417   765
417   885
670   628
879   572
879   647
102   1155
102   200
104   520
104   737
104   580
101   1124
101   762
101   856
418   103
418   891
418   588
105   988
105   1027
105   131
99   150
99   449
99   500
137   16
137   250
137   646
681   891
681   1012
990   9
990   66
419   509
419   678
106   92
77   558
78   79
78   466
78   749
78   934
677   26
677   1035
79   78
79   343
79   186
79   238
79   1142
675   88
83   35
83   717
83   197
632   1045
632   849
114   324
149   616
149   280
149   166
116   509
116   1033
117   178
117   194
117   398
913   51
913   46
913   687
913   624
148   954
148   405
148   1133
148   347
150   99
150   140
150   842
150   1020
118   491
118   394
151   331
151   895
152   724
152   119
152   595
152   396
152   685
152   515
1146   380
1146   938
1146   1118
87   590
87   951
88   675
88   374
88   992
88   122
89   545
89   112
90   833
90   32
90   297
91   959
91   794
91   977
91   497
604   501
604   1138
604   292
604   848
798   1012
92   935
92   106
603   189
603   500
603   870
605   1054
605   241
605   649
605   309
634   33
797   594
799   256
799   1144
799   611
799   1111
93   472
93   455
602   1149
602   259
602   120
985   22
985   147
985   729
985   530
985   1147
985   35
606   305
606   422
606   526
635   136
635   406
635   1100
376   686
376   356
376   372
800   894
800   895
800   1172
800   521
800   661
800   416
800   787
374   1090
374   88
375   519
375   340
375   275
600   829
600   725
373   250
831   809
831   58
831   320
831   589
832   496
832   1066
832   698
832   848
832   768
601   1090
601   1135
819   241
819   795
829   600
829   983
829   34
830   301
830   461
164   794
793   438
793   999
793   1148
833   90
833   3
833   810
833   283
833   897
818   1030
818   688
828   28
828   198
828   938
983   829
983   255
983   625
983   1
983   279
983   517
94   196
94   596
95   1172
95   664
95   589
96   808
668   1126
668   203
668   21
97   174
97   644
667   123
667   955
667   405
98   965
98   309
98   1005
666   810
666   85
666   531
398   607
398   117
398   240
398   1083
136   843
136   635
136   589
136   1022
138   536
169   395
169   685
169   284
171   122
171   323
399   278
399   886
399   487
690   1097
690   352
690   1113
994   179
994   539
680   1140
843   136
843   394
843   552
139   1110
139   956
139   110
864   1107
168   37
168   1023
170   378
170   1066
172   175
400   458
400   534
400   944
400   202
400   249
400   234
682   708
682   684
682   710
421   1010
421   876
993   1121
993   241
679   804
679   934
679   794
679   69
458   400
458   622
693   456
891   712
891   681
891   418
108   849
108   509
144   496
144   890
144   749
695   571
695   30
695   272
695   1088
1040   522
459   310
459   221
459   585
886   399
886   1096
886   725
887   716
892   857
892   607
892   8
109   444
109   474
109   937
109   518
496   144
496   961
496   832
496   882
143   498
143   641
143   743
145   219
145   595
497   722
497   659
497   91
1080   53
1080   75
694   661
694   473
1041   747
1041   470
1041   581
893   52
893   449
893   343
141   179
141   749
141   663
687   372
687   913
687   265
688   473
688   249
688   818
683   127
683   802
683   1106
683   848
686   376
686   578
110   139
110   410
110   240
110   177
110   206
1079   827
1079   714
142   734
142   812
498   143
498   1085
498   19
498   700
146   730
146   731
146   414
906   964
906   508
907   235
907   998
907   707
907   1151
489   945
489   711
491   118
491   659
493   36
494   483
495   210
495   738
112   89
112   815
112   946
492   163
905   919
147   985
147   160
119   152
120   500
120   602
917   895
917   787
917   717
121   9
121   328
121   446
121   273
121   485
122   556
122   61
122   171
122   23
122   88
123   1149
123   1164
123   667
1150   940
124   1104
124   255
1149   123
1149   602
1149   743
1149   265
575   574
576   700
574   575
126   163
573   32
127   683
127   429
127   289
1161   508
1161   949
1161   4
1161   889
572   550
572   879
572   598
572   732
572   809
128   653
1160   775
129   757
129   520
129   66
130   746
130   464
131   105
131   943
372   687
372   1014
372   376
132   552
165   986
599   631
844   261
844   380
844   234
844   512
795   783
795   819
795   274
134   294
134   86
678   419
135   561
135   248
140   150
422   189
422   606
422   715
423   505
423   484
173   973
173   1031
167   1132
167   188
167   704
167   738
856   61
856   101
856   674
230   855
401   348
401   900
424   425
424   1047
424   753
424   209
174   97
178   1076
178   117
178   307
179   141
179   24
179   994
179   331
715   422
684   682
684   1014
684   1086
177   1031
177   110
177   162
180   1031
180   984
180   1006
499   201
1030   1117
1030   546
1030   818
1030   803
714   391
714   232
714   1079
1031   180
1031   177
1031   206
1031   173
1031   873
176   932
181   957
1032   1056
500   502
500   325
500   603
500   1070
500   120
500   99
689   1124
689   1166
689   944
698   618
698   832
1043   1000
1043   641
685   620
685   152
685   169
234   269
234   844
234   400
1033   82
1033   349
1033   34
1033   307
1033   116
697   883
1081   486
1081   532
1081   722
1082   159
1082   794
545   89
545   387
545   226
545   1019
699   700
699   597
699   215
700   699
700   576
700   335
700   770
700   763
700   498
908   946
908   538
908   1147
908   504
190   283
190   638
544   1078
544   862
189   603
189   422
1113   690
1113   976
1113   279
188   551
188   167
188   63
916   248
916   733
915   182
915   518
915   813
915   1139
915   936
157   334
157   562
157   568
158   840
159   1082
159   364
159   562
159   638
577   366
577   550
577   927
160   432
160   731
160   147
160   324
160   466
160   778
203   668
203   564
931   858
1164   123
161   410
161   963
161   262
210   495
210   508
202   270
202   400
202   377
204   564
204   55
204   272
204   1117
246   533
246   262
1165   1087
1165   967
162   177
162   724
211   1068
211   315
163   370
163   366
163   126
163   492
163   1011
933   969
933   359
1171   529
1172   197
1172   95
1172   800
794   658
794   91
794   215
794   164
794   1082
794   679
166   194
166   149
166   341
857   858
857   892
857   1115
858   857
858   1065
858   931
858   757
229   361
229   321
229   445
229   704
231   185
231   330
231   1077
731   160
731   146
232   1156
232   849
232   714
232   313
232   524
253   711
253   1096
732   447
732   355
732   572
732   582
732   342
1019   545
425   424
425   556
425   412
712   891
712   75
712   641
712   367
175   172
175   390
175   280
175   1076
233   30
426   383
426   587
182   915
235   928
235   907
735   205
735   866
735   1064
1049   783
461   830
1045   632
1045   1008
1045   242
1045   6
501   604
501   80
183   778
183   355
183   1105
236   416
1051   820
1051   549
1051   848
1051   1135
462   350
462   301
462   1008
734   326
734   142
734   477
734   403
1050   69
1050   841
1050   339
1018   452
1018   278
184   607
184   629
184   1114
184   953
427   845
427   358
427   1128
428   987
428   103
428   480
718   591
718   736
502   500
502   481
717   83
717   443
717   917
717   774
720   620
463   763
463   781
463   639
464   890
464   866
464   130
733   258
733   916
185   231
185   597
186   999
186   79
186   1126
186   1173
186   583
187   852
187   1123
1083   1142
1083   627
1083   398
546   778
546   1030
546   60
240   900
240   1170
240   110
240   398
241   605
241   819
241   384
241   993
239   509
239   256
547   1069
547   323
547   1125
547   872
1118   535
1118   259
1118   1036
1118   273
1118   874
1118   299
1118   1146
192   822
1114   775
1114   612
1114   184
1114   540
193   589
193   972
194   877
194   166
194   117
195   71
196   852
196   94
1116   589
1124   101
1124   689
1124   1004
1124   649
1124   673
197   930
197   1172
197   851
197   663
197   83
197   1002
725   912
725   298
725   291
725   36
725   886
725   600
1117   1030
1117   204
198   352
198   750
198   828
198   1152
242   1045
242   1038
242   999
243   66
243   966
243   741
549   647
549   1051
549   468
549   952
563   7
563   1046
563   861
724   152
724   162
726   1105
726   762
726   223
1119   410
199   517
199   836
199   1173
1154   748
1154   1000
1154   1143
244   436
244   900
548   1132
550   641
550   572
550   577
564   204
564   203
745   52
745   487
745   560
746   1106
746   130
200   357
200   102
245   115
245   645
201   499
201   357
201   328
205   735
206   1031
206   752
206   592
206   110
247   64
932   756
932   289
932   1108
932   176
276   590
276   638
747   1041
207   1126
207   1090
207   4
248   959
248   916
248   135
1170   240
275   847
275   375
578   957
578   686
208   591
208   743
1169   1053
1169   347
209   274
209   40
209   855
209   914
209   424
1168   751
934   40
934   554
934   504
934   679
934   78
213   71
213   706
214   763
214   1011
249   447
249   688
249   400
249   895
250   373
250   476
250   137
250   487
250   402
251   656
215   533
215   794
215   699
217   657
217   382
218   652
218   883
218   23
218   673
288   1142
288   816
288   321
616   149
219   1023
219   145
219   1066
289   290
289   127
289   932
615   784
615   709
615   479
220   1038
290   289
221   459
703   519
703   1122
223   34
223   726
704   229
704   167
224   225
224   949
224   758
224   281
224   31
224   592
802   683
225   224
225   625
225   992
808   72
808   475
808   96
807   561
226   1133
226   545
226   258
226   804
708   682
708   948
708   927
708   1029
708   583
709   325
709   309
709   615
809   831
809   572
364   608
364   159
806   320
227   1027
707   907
710   1130
710   9
710   682
811   562
811   730
810   337
810   833
810   666
810   877
810   358
228   392
228   986
228   775
228   509
228   1078
228   471
228   315
228   873
706   608
706   213
834   980
835   154
836   653
836   751
836   199
730   146
730   811
730   302
729   985
729   824
729   296
859   278
429   27
429   127
429   900
252   413
254   840
711   253
711   278
711   489
711   805
711   282
711   758
403   734
475   808
432   160
1020   21
1020   150
430   261
1016   585
238   79
910   845
910   888
503   474
503   84
503   341
736   718
721   409
721   85
1092   981
504   934
504   908
504   321
504   390
739   1142
1046   563
737   104
737   1066
722   497
722   16
722   536
722   1081
505   423
505   875
738   970
738   495
738   167
749   4
749   78
749   144
749   141
752   860
752   206
740   466
723   651
723   369
1120   950
551   909
551   188
551   1158
753   1138
753   424
741   243
742   785
744   876
274   19
274   595
274   209
274   795
766   487
766   918
766   638
766   390
1009   553
1009   629
255   983
255   14
255   124
860   752
860   1068
278   711
278   350
278   399
278   48
278   18
278   1018
278   53
278   859
377   774
377   9
377   402
377   202
845   427
845   910
845   972
846   1125
996   1174
1010   421
1010   3
1010   367
1010   912
256   799
256   239
256   346
404   986
1008   1045
1008   540
1008   462
277   431
277   998
279   262
279   983
279   1113
378   264
378   170
378   1063
998   907
998   277
1006   180
1006   782
847   275
847   1099
847   508
997   24
997   516
284   984
284   583
284   169
258   733
258   226
259   1118
259   602
259   814
260   1101
260   62
466   78
466   894
466   1131
466   740
466   160
467   52
467   772
261   391
261   844
261   1021
261   430
465   628
465   75
468   656
468   396
468   789
468   354
468   270
468   549
468   928
262   748
262   279
262   896
262   246
262   161
748   262
748   1154
469   47
1067   633
263   385
894   466
894   800
264   378
264   853
264   982
895   917
895   1090
895   1017
895   800
895   151
895   249
1065   858
1065   408
1066   170
1066   737
1066   832
1066   219
1066   786
265   1149
265   687
265   57
510   438
510   652
750   754
750   198
750   960
750   969
896   262
266   823
266   47
509   515
509   116
509   522
509   239
509   228
509   419
509   108
512   1133
512   844
512   310
512   81
512   636
511   315
511   1005
758   224
758   711
267   37
267   1123
267   518
508   1161
508   1064
508   847
508   906
508   210
1053   1169
1053   613
513   22
554   934
759   820
757   979
757   129
757   339
757   858
757   1057
1069   547
268   815
268   883
552   39
552   770
552   392
552   132
552   843
507   369
1048   1102
1095   7
553   1009
553   1135
751   316
751   836
751   1168
751   663
269   1057
269   672
269   234
754   750
754   281
270   202
270   468
270   301
1125   867
1125   882
1125   846
1125   547
1126   207
1126   668
1126   433
1126   186
1126   416
272   1109
272   784
272   695
272   341
272   334
272   204
761   396
761   443
273   618
273   1106
273   1118
273   121
273   950
273   661
762   726
762   101
765   417
765   1173
765   282
765   34
765   519
768   972
768   638
768   1035
768   832
291   1138
291   725
291   658
296   729
297   560
297   876
297   3
297   90
310   459
310   512
405   406
405   988
405   148
405   667
848   1051
848   683
848   832
848   604
280   149
280   175
280   579
286   517
292   604
292   9
298   725
298   60
298   541
865   287
865   1017
866   735
866   464
406   405
406   579
406   635
849   232
849   108
849   632
849   963
281   224
281   360
281   754
287   865
433   1106
433   1126
756   932
756   472
756   579
897   824
897   773
897   833
293   1098
435   535
435   442
470   1041
470   379
470   115
1064   1100
1064   1058
1064   508
1064   735
1064   477
781   463
781   986
781   448
294   134
431   277
431   984
431   877
431   411
471   664
471   228
1068   860
1068   927
1068   211
1068   1158
1068   1075
1063   388
1063   378
782   45
782   1006
782   912
898   1128
898   531
282   765
282   711
283   190
283   833
555   313
555   414
556   122
556   425
557   769
783   1049
783   795
783   558
320   806
320   1023
320   831
319   35
850   619
295   395
295   953
313   354
313   232
313   555
784   272
784   615
321   322
321   1097
321   229
321   504
321   288
321   386
867   1125
867   959
785   742
785   540
299   938
299   1118
300   659
314   672
314   598
474   503
474   109
301   830
301   462
301   270
315   316
315   511
315   211
315   228
473   899
473   337
473   688
473   524
473   694
473   585
302   449
302   730
316   315
316   751
316   885
316   1086
472   888
472   93
472   756
899   473
899   341
303   627
304   1058
305   606
519   703
519   375
519   765
520   104
520   129
942   621
518   915
518   100
518   49
518   267
518   109
521   800
521   786
307   178
307   1033
307   630
307   839
943   437
943   862
943   131
943   8
517   199
517   286
517   964
517   983
522   509
522   1040
944   400
944   1136
944   689
309   98
309   605
309   709
309   951
322   321
322   626
322   1148
436   244
436   103
323   547
323   171
437   943
945   489
945   904
946   947
946   908
946   928
946   112
947   946
947   6
407   540
407   448
329   453
329   388
851   1142
851   197
851   903
868   649
330   231
330   1143
408   955
408   1065
852   196
852   187
869   870
869   1105
324   598
324   114
324   384
324   160
324   773
324   791
438   793
438   510
325   709
325   500
325   1163
326   734
326   480
328   514
328   656
328   121
328   1024
328   201
523   154
523   42
439   1129
524   862
524   348
524   473
524   232
951   938
951   309
951   87
440   1166
950   1120
950   273
525   1101
331   179
331   151
331   657
341   166
341   899
341   272
341   503
341   940
342   343
342   1108
342   67
342   732
350   462
350   278
854   853
334   939
334   157
334   272
335   700
343   342
343   79
343   970
343   893
343   450
870   869
870   999
870   603
344   52
344   49
351   1093
351   743
351   909
337   810
337   473
337   1013
444   109
976   791
976   1113
976   590
976   727
345   672
352   198
352   690
352   1000
977   91
338   988
338   1123
443   717
443   761
443   882
954   148
954   1002
954   780
347   652
347   148
347   1169
347   961
339   757
339   1050
442   380
442   435
955   408
955   667
955   445
346   876
346   1004
346   256
348   384
348   524
348   401
956   139
956   68
340   375
531   540
531   35
531   898
531   666
532   6
532   598
532   1081
532   930
957   963
957   578
957   181
957   21
441   639
441   624
441   580
441   779
441   930
953   24
953   295
953   184
530   985
533   81
533   215
533   246
533   107
533   410
959   248
959   91
959   867
959   359
958   49
529   1171
529   64
534   400
534   379
960   1001
960   1084
960   750
853   854
853   264
975   609
975   986
974   655
353   791
353   24
445   229
445   955
965   98
446   966
446   121
446   528
969   933
969   750
969   1089
966   883
966   446
966   243
968   967
349   1033
447   732
447   249
970   738
970   343
970   952
967   968
967   589
967   541
967   1165
354   313
354   468
449   302
449   893
449   99
450   115
450   343
448   973
448   925
448   407
448   781
973   448
973   173
973   60
355   732
355   183
355   580
356   376
357   200
357   201
358   427
358   810
359   878
359   1027
359   1054
359   959
359   396
359   933
360   281
361   229
362   27
362   24
611   799
612   1114
612   619
612   69
613   1053
608   364
608   706
607   184
607   892
607   398
609   975
365   888
365   69
366   163
366   577
367   1010
367   712
382   217
590   276
590   976
590   87
589   588
589   193
589   46
589   136
589   967
589   95
589   831
589   1116
380   442
380   1146
380   844
588   589
588   664
588   418
368   631
368   839
368   411
369   1052
369   528
369   507
369   723
370   623
370   163
370   1107
370   838
370   972
840   254
840   158
371   1162
371   637
623   370
839   1087
839   368
839   71
839   307
624   441
624   913
841   1050
838   370
999   186
999   870
999   793
999   242
1001   763
1001   949
1001   960
1001   938
1002   954
1002   197
1007   38
1007   31
1007   930
1000   1043
1000   620
1000   352
1000   1154
379   1093
379   582
379   534
379   470
986   404
986   228
986   479
986   781
986   387
986   855
986   975
986   165
383   426
384   348
384   82
384   2
384   324
384   241
385   263
385   76
989   1155
989   822
476   250
476   537
476   923
476   1140
1017   895
1017   865
1017   1138
1017   1123
1047   424
528   580
528   369
528   446
952   970
952   1167
952   549
526   538
526   1021
526   812
526   606
526   62
872   547
872   1112
909   551
909   107
909   351
506   561
506   673
1052   369
1052   62
1096   886
1096   253
514   328
515   509
515   152
558   77
558   783
516   997
1108   342
1108   932
1107   864
1107   370
961   971
961   496
961   347
963   957
963   1147
963   979
963   161
963   849
963   889
618   941
618   698
618   273
919   905
1128   416
1128   775
1128   898
1128   427
1129   1071
1129   439
743   1149
743   143
743   351
743   208
567   621
580   528
580   355
580   104
580   441
568   1058
568   157
775   1114
775   1128
775   228
775   1160
775   484
775   1075
579   406
579   571
579   280
579   756
581   1041
1155   591
1155   989
1155   102
569   81
582   379
582   732
928   235
928   946
928   468
1156   232
1156   877
1156   1106
570   903
571   579
571   695
571   598
1166   440
1166   1097
1166   689
923   397
923   476
769   557
935   92
935   72
583   284
583   186
583   708
930   197
930   1007
930   441
930   532
585   1016
585   459
585   904
585   473
586   716
587   426
812   142
812   526
820   1051
820   455
820   759
920   537
1131   1132
1131   1167
1131   466
1130   388
1130   75
1130   779
1130   710
1130   1138
1140   680
1140   71
1140   476
1072   23
817   814
827   674
827   1079
982   264
984   1134
984   180
984   284
984   431
636   479
636   487
636   45
636   596
636   512
716   586
716   1123
716   887
637   1062
637   371
638   620
638   190
638   768
638   31
638   159
638   276
638   766
639   441
639   463
641   550
641   1043
641   143
641   621
641   712
642   1104
644   1152
644   97
645   826
645   245
646   137
647   549
647   879
648   1061
649   605
649   1124
649   868
651   723
652   218
652   347
652   510
813   814
813   915
813   1111
814   813
814   817
814   1143
814   259
815   861
815   1024
815   43
815   268
815   112
815   626
653   836
653   128
654   82
654   25
655   974
656   251
656   27
656   468
656   328
657   658
657   217
657   331
658   657
658   794
658   1148
658   291
659   497
659   300
659   38
659   491
661   694
661   594
661   74
661   800
661   273
663   664
663   197
663   141
663   751
664   663
664   588
664   95
664   471
665   875
824   729
824   897
825   1102
826   645
727   976
1090   601
1090   895
1090   374
1090   207
1089   1004
1089   969
1115   857
763   463
763   1001
763   214
763   485
763   700
770   700
770   552
936   915
936   80
936   27
937   109
772   773
772   467
772   15
773   772
773   14
773   1075
773   897
773   324
774   377
774   717
778   183
778   546
778   160
779   1130
779   70
779   441
780   954
786   107
786   1066
786   521
787   917
787   800
787   22
789   468
789   631
790   791
790   20
791   790
791   976
791   353
791   28
791   324
792   988
949   224
949   1001
949   1161
949   35
948   708
805   880
805   711
803   1077
803   941
803   1030
804   679
804   226
816   288
981   1092
981   1055
1062   637
1132   1131
1132   548
1132   167
1133   226
1133   1162
1133   512
1133   148
1142   1083
1142   739
1142   288
1142   54
1142   851
1142   79
925   448
927   593
927   1068
927   708
927   1104
927   577
938   951
938   17
938   1001
938   828
938   299
938   1146
939   334
940   1150
940   341
941   618
941   803
941   1024
964   906
964   517
971   972
971   961
972   971
972   768
972   193
972   370
972   845
978   1105
979   757
979   963
979   1084
979   889
979   1137
980   834
980   1015
1004   595
1004   1136
1004   53
1004   346
1004   1089
1004   1124
1005   98
1005   511
1021   261
1021   526
1022   136
1022   488
1035   677
1035   768
1038   24
1038   220
1038   242
1054   605
1054   359
1055   981
1056   1032
1056   479
1056   987
1057   269
1057   107
1057   1136
1057   757
1058   1064
1058   568
1058   457
1058   304
1060   44
1060   902
1061   648
1070   500
1070   1093
1071   1129
1076   40
1076   12
1076   178
1076   175
1077   803
1077   231
1084   979
1084   960
1085   498
1086   684
1086   316
1086   900
1087   1165
1087   839
1087   7
1088   695
1093   379
1093   86
1093   351
1093   1070
1097   321
1097   690
1097   1166
1097   56
1098   861
1098   293
1098   154
1099   847
1100   1064
1100   635
1100   1104
1101   260
1101   873
1101   525
1102   1048
1102   825
1103   100
1104   642
1104   124
1104   927
1104   1100
1104   622
1105   726
1105   183
1105   978
1105   869
1106   433
1106   273
1106   683
1106   746
1106   1156
1121   993
1122   703
1123   1017
1123   716
1123   267
1123   338
1123   187
1134   984
1134   10
1135   601
1135   553
1135   1051
1136   944
1136   1004
1136   1057
1147   963
1147   908
1147   985
1148   658
1148   322
1148   793
1151   907
1152   644
1152   85
1152   56
1152   198
1162   1133
1162   371
1162   479
1163   325
1163   387
1167   1131
1167   486
1167   952
1173   765
1173   186
1173   914
1173   199
1174   996
