1   414
1   688
1   1305
1   624
2   824
2   1221
2   580
414   1
414   1096
414   1044
630   68
630   631
630   823
630   1606
630   1452
630   894
824   2
824   1047
824   47
824   1357
824   359
953   984
953   263
953   1073
953   957
953   803
1205   1447
1205   1045
1205   178
1205   481
1278   1468
1278   247
1278   133
1278   1166
1278   1316
1278   75
1221   2
1221   1222
1221   665
1221   972
1221   88
1502   532
1502   1535
1473   492
1473   420
1473   1167
580   2
580   1034
580   768
580   758
580   1598
580   1303
580   479
580   1286
89   82
89   90
89   371
89   332
89   1288
89   1201
89   244
1683   1358
1683   1468
1683   1011
1683   646
1683   128
33   199
33   950
33   266
33   108
33   1098
267   271
267   844
728   1257
728   333
728   1358
728   1227
728   366
1096   414
1110   243
1110   420
1308   97
1308   339
1308   1127
1308   1311
1308   353
1308   15
1308   289
1308   18
1308   622
1459   1321
1459   852
1459   353
1459   914
1484   1058
68   630
68   201
68   596
68   1166
68   1671
68   574
68   91
495   533
495   1570
495   1625
495   1620
631   630
631   221
1047   824
1047   499
1047   373
1047   232
920   1345
920   1480
920   411
920   1396
121   458
121   1087
121   120
121   490
121   839
121   483
121   848
121   818
121   56
802   191
802   762
802   406
802   726
802   871
1222   1221
1222   558
1222   794
1222   1496
1222   260
1222   258
492   1473
492   897
492   1357
492   987
492   1048
492   1175
492   1569
492   600
124   144
124   314
124   245
124   123
124   31
124   736
581   1061
18   1243
18   1273
18   1361
18   1086
18   474
18   126
18   1308
18   1204
18   1238
18   1673
82   89
82   50
82   83
82   1485
82   873
82   588
82   642
82   697
82   251
90   89
90   1423
90   1477
90   1644
90   1650
90   945
90   1615
371   89
3   1282
3   1622
3   1126
4   668
4   209
4   705
168   67
168   854
168   701
168   1252
168   385
343   1580
343   1342
454   1507
454   1500
636   1372
636   1649
636   520
867   644
867   1476
867   1530
867   1635
358   202
1489   614
1489   1704
1489   52
1489   1412
1555   863
1555   1429
1555   849
1555   69
1555   1656
668   4
668   1395
11   154
11   166
11   260
11   342
11   99
11   597
11   224
11   1112
11   1032
11   1364
11   721
11   469
11   1574
11   1451
11   1301
11   786
11   117
23   24
23   1268
23   1572
67   168
67   201
67   342
67   878
67   721
67   469
67   79
67   827
67   55
67   66
67   357
67   384
67   398
67   487
67   349
67   545
67   682
67   511
67   443
67   523
67   373
67   494
67   315
67   489
67   1181
67   1000
67   268
67   102
159   535
159   244
159   280
159   355
159   36
159   211
159   1082
159   247
159   269
159   1038
159   1181
159   1619
159   261
159   1513
159   1180
167   103
167   450
167   1430
361   1038
361   1378
361   340
361   420
361   235
628   9
628   532
628   391
696   1361
696   339
696   173
696   543
696   1534
854   168
854   1471
854   828
854   641
314   347
314   124
314   489
314   335
314   406
314   393
314   45
314   1128
314   100
579   196
579   13
579   886
579   1016
579   1596
579   1372
579   681
701   168
701   1101
701   415
701   760
701   310
701   855
1252   168
1252   568
1252   821
1252   1626
1252   43
1293   329
1293   428
1293   1495
1293   158
1293   1373
480   475
480   1441
480   1240
480   441
196   290
196   12
196   342
196   143
196   485
196   579
196   615
196   1084
196   1300
196   344
196   1217
196   222
196   536
196   1220
1509   7
1509   391
764   241
764   387
764   1280
764   259
1411   1411
1411   797
1411   877
1411   353
1411   779
1411   409
983   1496
983   424
983   941
983   133
983   1583
501   20
501   103
501   172
476   56
476   1051
476   417
476   199
476   574
13   147
13   181
13   244
13   336
13   419
13   114
13   671
13   1003
13   1055
13   1014
13   1250
13   871
13   579
13   932
13   830
13   335
13   175
13   533
13   329
13   773
63   342
63   602
63   197
63   1070
63   386
63   247
63   209
63   771
63   710
63   132
63   897
63   429
63   1008
63   1663
63   1679
63   1565
63   1000
171   338
171   197
171   974
171   857
171   172
171   428
171   163
171   1381
222   196
222   230
222   234
222   719
222   1336
222   385
222   1357
222   563
222   1681
328   762
328   830
328   288
328   312
328   436
328   873
328   487
328   1450
328   1041
328   557
328   729
328   665
1394   599
1394   1609
1394   353
375   1210
375   1385
1054   712
1054   1651
1054   616
1054   809
1054   418
1054   297
1054   1040
528   50
528   1586
528   927
528   1207
125   228
125   17
125   1079
125   1580
125   1352
125   1136
125   682
125   1445
726   71
726   436
726   707
726   1251
726   802
711   723
711   226
711   172
711   594
5   44
5   570
6   352
6   1572
6   1353
6   1599
6   843
44   5
186   1192
186   1132
704   551
704   1467
952   838
952   1643
952   217
952   446
570   5
570   879
570   747
570   1024
570   129
570   54
284   1303
284   624
201   67
201   68
201   941
201   266
201   761
1119   54
1119   1610
1119   1566
144   124
144   473
144   827
144   935
144   1175
199   33
199   835
199   277
199   1181
199   476
332   896
332   1396
332   89
332   415
629   110
629   310
629   823
705   716
705   927
705   1057
705   649
705   4
838   952
838   97
838   1266
838   293
38   1658
38   1651
38   1081
524   525
524   836
569   1196
569   211
569   1198
622   1308
853   254
853   1601
853   111
853   110
879   570
879   96
879   1341
879   1320
928   1149
930   951
930   1465
1271   146
1271   296
1271   825
747   570
747   1383
747   1575
747   1064
747   1486
747   1207
1123   70
1123   902
1123   1121
1123   718
1123   268
1123   1217
1539   108
1539   423
1539   560
1539   1302
1539   277
1539   312
1549   870
1549   1402
1549   1306
1024   570
1024   520
1024   902
1024   239
1024   215
1024   640
131   300
131   1427
131   1186
283   22
283   294
283   722
1303   284
1303   108
1303   405
1303   7
1303   1323
1303   389
1303   580
1303   555
980   513
980   1321
980   861
980   1441
1406   627
1406   153
1406   102
1460   1431
1460   858
1460   166
31   70
31   290
31   342
31   188
31   240
31   124
31   394
31   420
31   784
31   1094
31   662
31   262
31   1523
31   320
31   280
31   1383
31   699
31   1175
31   1200
31   738
118   150
118   613
118   938
118   437
118   1584
118   189
123   342
123   475
123   481
123   30
123   45
123   115
123   124
123   280
123   545
123   429
123   1219
123   207
123   378
123   407
123   1090
123   1000
200   684
200   707
200   736
200   872
200   1126
206   244
206   333
206   1090
206   494
206   603
206   447
206   1153
206   959
206   915
206   975
206   601
1015   1290
1015   814
1015   514
1015   996
1015   187
1015   1452
1240   382
1240   542
1240   392
1240   1446
1240   967
1240   943
1240   480
603   206
603   1166
603   603
603   807
603   957
1443   493
1443   1433
1443   592
1443   1175
50   26
50   175
50   618
50   695
50   321
50   82
50   136
50   528
50   551
50   1387
50   986
50   793
50   590
50   1083
50   1095
142   150
142   878
142   204
142   244
142   30
142   349
142   521
142   819
142   1025
142   1098
142   429
142   143
142   443
142   1062
142   684
142   467
142   468
408   362
408   407
408   1117
408   1218
408   558
408   1315
408   1445
408   903
408   1694
408   550
408   513
408   842
408   1178
49   88
49   1017
49   1043
145   1433
145   1537
145   1199
145   1407
145   561
435   872
435   458
473   144
473   28
473   474
473   1072
473   1530
473   104
473   261
473   1418
1676   1039
1676   1182
1676   917
7   8
7   252
7   1472
7   643
7   1303
7   1509
8   7
8   8
8   1009
8   634
8   708
10   1682
10   876
10   59
10   955
70   31
70   299
70   437
70   830
70   1039
70   499
70   150
70   1123
70   715
70   1421
70   224
70   1181
290   31
290   196
587   725
587   43
587   1324
317   330
317   1583
317   1662
317   872
317   456
317   1289
317   1102
317   644
317   565
317   1219
301   302
301   1670
301   148
301   1690
1105   1640
1105   1028
1105   564
1105   1701
1138   734
252   7
252   132
252   253
252   688
252   834
252   666
252   1032
252   997
252   520
252   1696
252   1169
252   356
252   162
289   262
289   429
289   338
289   346
289   293
289   1308
106   1142
106   231
106   401
1164   29
140   1472
140   831
140   786
140   349
140   1453
140   1081
311   1510
311   207
311   742
1121   1259
1121   483
1121   1123
1121   162
54   55
54   342
54   892
54   909
54   349
54   597
54   609
54   859
54   353
54   738
54   231
54   188
54   268
54   303
54   490
54   1119
54   570
9   628
9   58
9   296
9   1697
590   1261
590   50
590   840
590   1646
590   216
931   434
931   950
931   963
1022   195
1022   1309
1022   1695
938   118
938   1576
938   843
1198   1649
1198   1026
1198   690
1198   844
1198   569
1058   1484
1058   1172
776   896
1532   215
1582   390
257   150
257   1508
257   1695
1682   10
1682   674
1682   84
1682   573
1414   1413
1414   831
1414   950
1414   1171
209   63
209   1384
209   330
209   75
209   4
209   715
285   256
285   16
285   1705
469   11
469   67
469   1623
469   1149
469   1350
515   472
299   70
299   1231
299   354
299   1286
299   1118
600   1087
600   155
600   675
600   65
600   132
600   1477
600   1315
600   492
599   1394
599   1250
599   80
742   1228
742   249
742   181
742   311
742   385
437   70
437   118
437   436
683   234
683   83
683   605
683   1065
830   70
830   13
830   328
830   639
850   849
850   772
850   713
850   259
850   1317
850   1352
850   987
850   1577
1039   70
1039   92
1039   1676
1039   428
1083   864
1083   1253
1083   50
499   70
499   498
499   1047
499   722
499   545
719   222
719   1445
719   1169
719   1641
719   1141
150   70
150   118
150   257
150   134
150   142
150   334
150   465
150   1479
150   256
150   498
150   1605
914   1265
914   1625
914   1224
914   588
914   1147
914   172
914   1459
313   1190
313   1435
313   1680
313   1288
313   193
313   1223
602   63
602   1545
181   13
181   993
181   832
181   742
181   841
715   70
715   538
715   1130
715   209
1412   1445
1412   497
1412   1489
1421   70
1421   1422
1421   1521
1421   1356
1421   366
1421   1148
1421   1630
224   70
224   11
224   531
224   1382
224   509
224   372
114   13
114   1641
114   1481
114   1175
114   419
45   123
45   1453
45   1185
45   1627
45   314
45   26
143   142
143   196
143   108
143   1428
244   13
244   142
244   159
244   206
244   216
244   319
244   269
244   1260
244   35
244   1086
244   89
269   244
269   159
269   35
269   59
269   253
269   849
269   1602
269   1070
269   768
269   671
280   123
280   31
280   159
280   519
280   115
316   1430
385   222
385   168
385   1610
385   742
546   667
546   1422
546   583
546   1334
546   1669
663   208
727   1244
851   231
851   1317
851   1202
910   1685
910   286
321   50
321   136
321   688
321   1565
1086   18
1086   1070
1086   411
1086   1085
1086   244
1086   1347
1086   465
1086   689
347   92
347   245
347   314
347   452
347   913
330   317
330   465
330   209
330   474
330   1323
1583   317
1583   107
1583   620
1583   1181
1583   983
1583   807
708   1435
708   305
708   1186
708   1363
708   8
302   301
302   1238
302   1420
885   111
885   1326
885   255
12   246
12   196
12   968
12   1603
66   67
66   1457
66   1619
79   67
79   1382
80   43
80   1097
80   599
99   11
99   544
99   363
99   803
117   1060
117   11
263   1524
263   957
263   367
263   1513
263   1630
263   953
263   128
263   162
391   1122
391   1485
391   1509
391   628
391   799
122   834
122   447
438   64
438   680
609   54
609   484
609   166
609   1430
680   141
680   271
680   438
680   911
680   1297
680   623
680   527
680   1034
709   1159
709   577
613   118
613   272
613   467
613   187
613   440
315   67
315   164
315   968
315   1314
315   1354
315   359
315   1106
827   67
827   697
827   144
827   1242
827   997
489   67
489   314
489   319
489   309
188   54
188   92
188   31
188   1594
188   1435
188   1299
188   1569
882   517
882   536
882   1429
888   1375
888   1639
304   1044
304   1574
304   810
304   1701
304   1562
494   67
494   206
494   1347
494   1450
494   98
494   1448
494   1335
494   1565
228   125
228   229
228   72
228   1519
228   104
228   293
688   252
688   606
688   905
688   1
688   321
688   424
721   11
721   67
721   864
721   1652
475   92
475   123
475   133
475   886
475   480
475   815
475   457
475   874
204   142
204   871
204   1543
204   1692
204   1535
204   1579
219   72
219   1383
219   69
219   1099
148   401
148   301
148   563
148   360
695   50
695   860
342   54
342   11
342   31
342   56
342   63
342   67
342   123
342   164
342   196
634   894
634   8
634   1016
634   415
634   1275
634   540
500   256
500   319
500   452
500   694
500   1580
500   1693
389   389
389   1678
389   1303
1584   118
1584   425
1584   1695
1266   92
1266   838
189   118
189   190
189   626
189   1389
189   828
189   1379
189   406
153   153
153   256
153   474
153   939
153   1406
153   1188
153   864
153   229
35   113
35   269
35   244
35   994
35   1146
35   459
132   252
132   63
132   503
132   319
132   600
132   819
132   1516
166   11
166   465
166   609
166   1460
166   612
173   381
173   696
208   1417
208   1316
208   663
208   1650
239   1451
239   128
239   1024
239   1431
253   252
253   269
253   165
511   67
511   344
834   252
834   122
322   902
322   432
288   328
288   266
288   1172
429   289
429   92
429   123
429   142
429   63
429   574
429   1579
429   152
429   535
429   825
666   252
666   1355
1288   1404
1288   323
1288   313
1288   89
1288   1092
1032   252
1032   11
1032   773
1032   1034
1032   993
887   319
887   1157
887   1159
997   252
997   832
997   827
997   790
997   421
997   376
1504   670
1504   1483
1504   1099
1028   1702
1028   1105
1028   795
1028   761
520   252
520   235
520   1024
520   1630
520   1223
520   92
520   636
520   1675
504   1219
1637   92
521   142
521   337
357   67
357   1377
357   750
1696   252
1696   274
1696   1045
147   13
147   379
147   620
147   991
230   222
230   974
230   1668
262   289
262   31
262   1525
262   1107
338   289
338   171
400   92
400   279
400   233
400   1581
394   31
394   254
394   1000
394   1264
394   1373
394   1363
420   31
420   349
420   1473
420   361
420   1110
420   1586
346   289
346   1419
346   403
346   356
458   121
458   452
458   1098
458   956
458   1097
458   435
52   1183
52   865
52   1489
105   470
105   756
105   287
105   1348
105   119
105   1407
1135   193
1135   351
1665   1531
1665   1048
488   676
488   585
924   562
924   1208
924   807
478   17
478   108
478   78
478   1364
478   1492
1472   140
1472   7
1525   262
1525   902
831   140
831   1414
786   140
786   1168
786   11
786   1658
205   1130
205   1536
205   213
205   1620
1688   27
1688   1492
1688   769
1688   1351
1688   1216
76   325
76   462
76   1261
76   451
1102   965
1102   625
1102   1690
1102   317
1510   311
1510   350
1510   292
1510   995
678   981
678   875
17   478
17   125
17   366
17   902
17   1621
17   430
17   1681
176   1287
407   123
407   408
407   1084
407   1592
407   154
608   800
608   1544
1016   83
1016   452
1016   634
1016   1702
1016   1611
1016   579
1016   1228
333   206
333   728
333   1193
1217   196
1217   1302
1217   297
1217   919
1217   395
1217   1123
1243   18
1243   856
1243   398
1243   192
1273   18
1273   1031
545   67
545   245
545   123
545   319
545   576
545   635
545   405
545   1281
545   499
762   328
762   1596
762   802
762   1172
1361   18
1361   696
1361   1372
1449   1656
1449   588
1449   1431
1449   645
1449   548
542   561
542   453
542   1240
542   1018
235   520
235   231
235   734
235   1396
235   484
235   361
377   477
55   54
55   67
55   954
55   1667
320   31
418   847
418   218
418   541
418   1054
418   1590
616   1249
616   1054
616   368
616   1420
657   1250
657   1701
657   1276
657   474
240   31
240   1618
240   547
240   1316
240   821
240   1239
240   1508
344   196
344   511
344   845
344   1369
344   428
856   1243
856   236
318   319
318   1620
892   54
892   689
892   293
892   1165
892   1188
909   54
909   1092
909   411
384   67
384   319
384   360
175   13
175   50
175   576
955   956
955   1242
955   1117
955   10
349   54
349   67
349   142
349   184
349   474
349   140
349   860
349   420
349   1589
194   56
194   195
194   577
194   1384
535   159
535   319
535   1479
535   429
1136   125
1136   1671
1136   606
229   228
229   491
229   427
229   483
229   153
1195   1132
1195   103
958   1402
958   607
958   424
135   1653
135   1362
597   54
597   11
597   919
597   362
597   730
601   56
601   1186
601   1595
601   206
455   1675
57   56
57   1101
57   249
895   985
566   841
566   836
859   54
859   74
859   593
859   1294
859   334
859   1498
353   54
353   133
353   571
353   1308
353   1411
353   1450
353   1394
353   1459
353   1417
1462   1650
1462   664
738   54
738   899
738   1547
738   845
738   31
231   54
231   534
231   710
231   797
231   851
231   235
231   463
231   1079
231   106
231   993
231   718
419   13
419   157
419   247
419   1242
419   114
419   1701
268   54
268   67
268   1178
268   1227
268   1346
268   1181
268   1123
1685   910
1685   794
1685   1057
816   1586
816   1553
816   592
816   1292
1585   632
1585   88
644   1415
644   867
644   317
644   226
108   143
108   478
108   33
108   564
108   743
108   1244
108   1540
108   1165
108   1303
108   893
108   1539
942   706
942   1518
942   734
74   73
74   859
74   532
1057   705
1057   1374
1057   1685
1057   1674
1210   303
1210   375
1613   799
214   755
214   451
214   837
214   287
214   1332
214   1005
223   769
223   605
323   362
323   1344
323   935
323   1288
777   1581
777   1574
777   643
777   1691
943   1559
943   1687
943   1240
1697   1447
1697   617
1697   9
256   153
256   150
256   285
256   500
256   1246
256   447
256   641
1631   759
1631   1118
1413   1414
1413   948
1413   337
1413   911
1413   467
1413   447
154   11
154   1009
154   1207
154   1336
154   407
161   103
161   393
161   1228
260   11
260   1661
260   1553
260   1112
260   1222
1112   11
1112   789
1112   1046
1112   260
1201   1486
1201   89
1201   813
1201   21
1201   1218
1201   1069
1201   788
300   131
300   336
300   1395
300   155
300   981
300   506
300   643
300   1455
878   67
878   142
878   98
878   1116
1285   1331
968   315
968   12
1364   11
1364   478
1364   1606
1364   425
421   1175
421   997
421   534
421   1325
1574   11
1574   304
1574   777
1574   1512
470   105
470   1581
470   694
470   810
470   1476
470   1677
481   123
481   164
481   902
481   1681
481   211
481   36
481   1205
481   1560
1451   11
1451   239
1451   646
1451   626
261   30
261   159
261   473
261   912
261   1538
92   347
92   475
92   91
92   188
92   782
92   1266
92   429
92   400
92   1039
92   1023
92   577
92   520
92   1225
92   1596
92   1637
624   880
624   979
624   284
624   605
624   1
245   347
245   124
245   233
245   545
245   1055
245   1610
245   1417
164   342
164   481
164   315
164   713
164   258
164   1544
164   539
246   12
246   1299
246   138
246   870
246   1647
246   1704
319   535
319   500
319   244
319   282
319   318
319   545
319   1245
319   489
319   1552
319   384
319   887
319   457
319   1544
319   132
216   244
216   395
216   821
216   1130
216   73
216   366
216   590
510   487
510   1041
510   771
510   543
972   1206
972   1381
972   687
972   1534
972   1221
972   1215
1009   154
1009   8
1009   612
1567   979
103   161
103   167
103   501
103   1195
103   1129
103   1441
801   1690
801   110
465   166
465   150
465   330
465   1010
465   1649
465   440
465   1086
465   978
697   56
697   827
697   1522
697   82
1207   674
1207   774
1207   154
1207   747
1207   528
56   342
56   194
56   57
56   601
56   177
56   1617
56   476
56   697
56   988
56   121
133   475
133   353
133   1116
133   134
133   1050
133   689
133   1278
133   983
133   217
886   475
886   212
886   579
886   1638
886   954
474   473
474   349
474   1338
474   615
474   18
474   153
474   748
474   330
474   657
452   347
452   458
452   500
452   1016
452   211
452   891
452   443
936   512
272   982
272   613
272   769
100   314
959   206
959   1098
959   529
1197   1069
1441   480
1441   1644
1441   980
1441   103
1441   1365
41   1580
146   282
146   717
146   1540
146   1629
146   1029
146   1271
379   147
379   1317
379   226
401   751
401   148
401   623
401   106
1369   344
1369   1543
174   335
174   58
174   1634
174   336
174   1349
134   150
134   133
134   30
134   1167
134   734
151   1011
151   1004
151   364
151   583
151   397
165   519
165   281
165   253
165   1037
165   416
165   739
165   1219
334   150
334   859
334   410
334   1433
339   552
339   1308
339   696
900   1452
900   1067
902   1123
902   481
902   1024
902   322
902   17
902   1492
902   848
902   1525
902   1577
1479   150
1479   789
1479   963
1479   535
1479   1166
1479   848
1479   1402
1454   890
1454   963
1454   756
225   217
225   1405
604   1404
604   59
604   845
604   1344
604   266
531   224
531   1540
531   965
1261   590
1261   76
1382   224
1382   844
1382   26
1382   1193
1382   79
1382   432
1649   1198
1649   465
1649   636
1649   1256
1649   363
366   17
366   1421
366   728
366   216
190   189
190   107
190   22
190   291
514   1015
514   1310
514   1436
514   1280
626   189
626   670
626   1451
1033   925
16   15
16   894
16   1560
16   285
16   1561
16   1519
16   988
1027   1272
1027   1384
1027   761
1027   782
1027   1060
191   802
191   1311
191   987
83   1016
83   82
83   51
83   279
83   422
83   155
83   683
83   62
83   506
83   1149
83   530
83   83
83   329
83   221
383   1692
77   1442
77   1349
157   419
157   405
157   255
157   760
157   1670
157   865
157   837
157   1564
472   367
472   677
472   515
472   1650
999   78
999   637
999   1463
999   259
999   1444
999   804
999   439
999   1541
999   307
639   830
639   1270
703   1586
703   1447
703   1399
951   930
951   1156
951   1206
951   1129
638   1420
1695   962
1695   1022
1695   735
1695   257
1695   1584
1452   900
1452   967
1452   1301
1452   630
1452   1015
325   76
325   396
325   355
325   591
30   261
30   123
30   142
30   134
30   889
30   1304
30   1290
91   92
91   557
91   68
91   255
355   159
355   1559
355   845
355   1351
355   325
355   864
355   120
661   119
661   1486
782   92
782   19
782   1524
782   1027
595   665
32   1658
32   296
32   1641
352   6
303   1247
303   54
303   381
303   1446
303   1332
303   1210
398   67
398   664
398   795
398   1243
398   787
487   67
487   328
487   510
487   432
676   1674
676   1513
676   488
676   948
682   67
682   125
807   603
807   950
807   484
807   1583
807   924
807   1075
247   419
247   63
247   159
247   1287
247   1278
247   75
443   67
443   142
443   1566
443   717
443   1592
443   452
1044   304
1044   414
563   222
563   178
563   1514
563   1355
563   1553
563   127
563   148
563   1689
523   67
523   58
523   248
1156   951
1156   370
1253   1513
1253   237
1253   1702
1253   1083
1253   1383
373   67
373   783
373   1149
373   591
373   1047
373   1640
373   1564
373   412
373   880
1323   1354
1323   1303
1323   330
1323   1208
1094   31
1094   274
1094   1397
744   669
744   745
744   979
744   1001
744   1448
1395   493
1395   300
1395   668
378   123
378   1287
378   1077
1295   406
1295   572
141   136
141   680
141   659
1181   67
1181   159
1181   70
1181   1583
1181   226
1181   199
1181   28
1181   268
1554   291
1554   27
1554   508
1554   1146
1554   1194
1566   443
1566   1518
1566   1418
1566   1119
1179   51
1179   295
1179   1664
1179   287
1000   67
1000   123
1000   394
1000   509
1000   945
1000   63
1000   1023
1090   123
1090   206
1090   640
1628   842
1628   1345
1628   1124
799   1613
799   1025
799   1374
799   730
799   1079
799   391
650   440
650   1255
880   624
880   409
880   1326
880   373
101   596
101   1491
101   1030
101   1346
101   1355
255   157
255   1570
255   885
255   849
255   91
286   772
286   910
335   314
335   13
335   174
335   804
335   432
335   491
662   31
406   314
406   802
406   1295
406   180
406   26
406   189
977   1487
977   58
1120   809
1120   1511
1120   46
1120   698
1120   798
1120   1059
485   196
233   245
233   926
233   400
233   1678
233   464
233   1048
233   432
713   164
713   40
713   714
713   850
713   1226
1632   94
1632   1507
1632   837
163   573
163   171
163   1298
163   1400
362   408
362   323
362   1284
362   1246
362   1227
362   597
803   1194
803   1680
803   1589
803   578
803   1374
803   99
803   953
803   507
93   102
93   1561
115   123
115   234
115   1260
115   280
115   107
723   711
723   1621
723   396
723   544
723   1577
723   81
1219   123
1219   504
1219   1229
1219   317
1219   165
207   123
207   311
207   1026
207   486
207   1145
293   849
293   892
293   289
293   228
293   838
293   505
367   368
367   472
367   735
367   568
367   263
367   1062
367   182
784   31
784   113
784   1702
1002   457
1258   750
1258   287
1264   394
1264   462
1250   13
1250   657
1250   599
1250   1614
1374   799
1374   803
1374   1057
1488   1466
1523   31
1523   156
1523   1620
1523   560
1523   1137
1523   826
158   1553
158   1293
158   1396
497   1290
497   1412
530   83
530   431
586   1075
610   308
610   1184
610   1327
610   584
659   442
659   1453
659   141
659   431
752   1439
808   1500
808   1663
808   1533
819   142
819   1430
819   132
889   1072
889   30
1025   142
1025   799
1098   142
1098   33
1098   458
1098   1415
1098   959
1223   1099
1223   520
1223   1316
1223   627
1223   1269
1223   313
1342   1417
1342   998
1342   343
1342   625
767   766
767   1347
767   241
767   1128
1598   739
1598   897
1598   254
1598   580
1062   142
1062   462
1062   1315
1062   513
1062   1328
1062   367
684   142
684   200
1245   319
1245   226
1245   1681
1245   1142
1675   455
1675   254
1675   520
1684   1020
1684   865
1684   85
177   56
177   432
177   1008
177   788
177   1455
1299   246
1299   1442
1299   188
1299   445
282   319
282   146
282   281
282   1183
282   25
282   1499
1038   159
1038   361
1038   575
1038   1215
996   1189
996   1301
996   1015
996   883
996   552
1552   319
1552   227
1552   1306
1552   712
770   1516
1322   1060
1322   871
1322   1620
1322   543
197   63
197   171
197   534
197   1010
271   502
271   680
271   267
615   196
615   474
714   713
714   1624
714   1596
1084   196
1084   212
1084   486
1084   407
1268   23
1268   1246
665   1221
665   1163
665   595
665   905
665   791
665   328
1300   196
1352   125
1352   716
1352   850
1403   1603
1403   450
1467   1100
1467   704
1500   808
1500   1409
1500   454
1500   1625
781   1410
506   83
506   110
506   300
312   328
312   234
312   1093
312   1662
312   212
312   1539
627   1223
627   1406
627   390
627   25
810   1408
810   304
810   1231
810   470
395   216
395   778
395   849
395   1217
395   1409
679   607
679   270
679   251
309   707
309   982
309   502
309   489
585   584
585   1354
585   360
585   488
27   1688
27   1554
380   987
380   658
392   617
392   1240
392   459
392   905
336   13
336   1115
336   1580
336   300
336   174
336   1428
336   1065
336   75
671   13
671   707
671   269
860   755
860   349
860   695
860   1117
860   789
912   1159
912   963
912   261
948   1428
948   1413
948   1324
948   676
948   193
948   1190
998   1587
998   1561
998   1342
1003   13
1055   13
1055   1655
1055   245
1014   13
1014   1691
1014   405
1014   625
1014   783
1275   634
1275   976
1275   1126
1292   1010
1292   816
1297   680
1297   903
1297   716
416   417
416   796
416   1389
416   1267
416   165
26   25
26   50
26   1382
26   45
26   1487
26   571
26   406
871   13
871   204
871   1322
871   1678
871   1331
871   802
791   1169
791   665
1087   121
1087   600
1087   1435
1087   1344
1410   781
1410   409
1410   1386
1493   756
932   13
932   1042
1516   1621
1516   770
1516   132
1017   49
1017   98
1017   669
1017   493
1565   63
1565   345
1565   321
1565   494
1593   1360
1070   63
1070   1086
1070   269
1070   575
47   46
47   60
47   824
47   250
47   1468
47   1545
47   1336
533   13
533   495
533   448
533   947
533   618
533   1634
1680   803
1680   313
1680   1601
1680   731
412   1534
412   373
1371   637
1371   291
202   43
202   358
345   1427
345   1565
1081   140
1081   1694
1081   38
1471   854
1471   792
1471   1052
1471   1005
1471   1333
1618   240
1618   1492
956   955
956   458
956   436
811   1524
811   560
811   735
858   1498
858   1460
775   210
775   53
775   1673
775   1035
1281   1100
1281   618
1281   1512
1281   545
1281   1515
113   35
113   784
113   399
113   658
113   673
212   1084
212   886
212   312
234   222
234   115
234   683
234   312
234   1595
234   1490
234   591
25   26
25   1247
25   1176
25   929
25   872
25   282
25   627
61   1191
61   733
72   71
72   219
72   228
72   1387
72   428
356   139
356   1486
356   252
356   1259
356   346
372   224
372   555
372   1041
372   447
405   19
405   157
405   1126
405   545
405   1303
405   1014
445   1520
445   689
445   937
445   1299
1238   302
1238   1085
1238   18
1372   636
1372   1301
1372   579
1372   1361
1387   50
1387   1670
1387   1154
1387   72
1387   1073
1387   1535
1466   1488
1466   1211
1482   768
1482   960
1487   977
1487   26
1487   1354
1487   152
1396   332
1396   564
1396   187
1396   235
1396   37
1396   623
1396   743
1396   920
1396   1190
1396   158
1522   483
1522   1324
1522   1134
1522   697
136   50
136   321
136   141
136   922
136   813
651   1125
651   1606
1366   1383
1687   943
1687   1448
307   308
307   1635
307   1359
307   999
449   852
449   139
560   1539
560   811
560   1523
746   1490
746   19
995   1651
995   1510
995   1307
1333   826
1333   1173
1333   1471
729   785
729   328
729   760
729   1313
1630   520
1630   877
1630   1650
1630   263
1630   1421
1630   1049
576   545
576   425
576   845
576   175
1700   876
1700   1231
1700   1626
1700   1519
1700   1588
1700   1422
417   416
417   476
787   398
1349   981
1349   77
1349   840
1349   327
1349   174
540   821
540   634
540   553
694   500
694   1446
694   470
694   259
1587   1496
1587   998
1587   215
1365   532
1365   1434
1365   1441
1664   1179
1664   759
1664   1690
1664   1183
1664   1249
1515   923
1515   1281
1515   29
1692   204
1692   555
1692   383
1692   1446
1692   527
195   194
195   1022
195   1650
611   1627
611   1641
611   1557
872   532
872   317
872   1629
872   200
872   25
872   435
872   410
669   744
669   1115
669   1017
745   744
837   157
837   1632
837   214
837   793
1310   1559
1310   514
1310   360
1310   169
1169   791
1169   565
1169   252
1169   1643
1169   719
264   1168
264   78
527   1335
527   960
527   1420
527   680
527   1692
51   1179
51   83
51   908
152   429
152   1146
152   1487
152   1573
193   313
193   861
193   948
193   292
193   1135
279   83
279   400
279   60
461   187
468   142
468   1063
618   50
618   640
618   618
618   1281
618   533
618   1486
619   720
619   1674
422   83
422   127
422   1428
422   868
677   472
677   1562
1008   63
1008   177
1008   441
326   1130
326   812
326   1187
363   364
363   274
363   99
363   1649
155   83
155   600
155   840
155   1280
155   300
155   761
1151   1277
1155   1041
1155   187
1155   835
1103   1103
1103   1655
740   213
740   919
1064   1265
1064   1359
1064   747
1064   1656
1430   459
1430   316
1430   167
1430   819
1430   609
551   50
551   574
551   704
551   1254
539   164
539   907
1622   3
1622   1436
1321   980
1321   1124
1321   1060
1321   1459
1657   658
1657   699
1638   886
1283   1161
1283   1559
273   466
273   1140
735   367
735   720
735   1695
735   811
735   754
982   272
982   309
1147   1640
1147   914
1147   250
1147   526
1248   1548
1277   753
1277   43
1277   1151
1277   1648
46   47
46   1120
46   1397
46   1115
46   1026
926   233
926   829
926   1255
337   1413
337   521
337   1517
427   229
1669   1236
1669   546
1669   1388
1049   1134
1049   578
1049   1629
1049   1630
15   16
15   434
15   1308
649   211
649   705
649   42
741   875
741   1186
751   401
751   1157
751   1263
1188   153
1188   892
1188   1597
1316   208
1316   1223
1316   240
1316   1278
1316   833
1359   1177
1359   307
1359   1064
1427   970
1427   345
1427   736
1427   442
1427   131
894   16
894   634
894   440
894   630
1545   1117
1545   47
1545   602
1560   16
1560   1236
1560   481
1560   1458
1560   1433
1606   221
1606   651
1606   675
1606   1364
1606   1448
1606   630
1606   172
1629   872
1629   156
1629   1049
1629   146
172   171
172   711
172   1606
172   501
172   914
491   229
491   335
646   1483
646   1451
646   1683
1030   101
1030   351
1030   1645
1030   1208
1131   1660
975   128
975   206
975   1085
1233   170
1290   1015
1290   832
1290   497
1290   891
1290   30
1336   222
1336   456
1336   47
1336   154
1407   1496
1407   145
1407   105
1307   995
1357   222
1357   492
1357   824
448   533
448   1075
448   673
1681   222
1681   481
1681   17
1681   1335
1681   1245
1693   500
1693   874
221   1606
221   833
221   631
221   83
893   108
893   773
78   999
78   478
78   75
78   65
78   396
78   264
107   249
107   1583
107   190
107   519
107   115
637   999
637   1371
658   1657
658   113
658   380
756   105
756   1493
756   1454
1239   1269
1239   849
1239   240
1239   1059
1239   116
1239   1415
617   392
617   1697
617   861
617   1660
1130   216
1130   205
1130   715
1130   326
1536   205
550   794
550   1148
550   408
439   1225
439   999
439   1326
584   585
584   610
60   47
60   279
60   237
60   1527
327   1349
479   580
232   69
232   1047
232   48
534   231
534   197
534   421
670   626
670   218
670   1504
670   211
710   231
710   63
710   868
710   1279
710   1442
710   1168
797   231
797   1411
797   965
797   1553
797   1446
797   1235
464   822
464   673
464   266
464   233
1202   655
1202   1640
1202   743
1202   851
557   328
557   1544
557   91
557   1220
463   231
126   18
126   434
517   882
517   1400
517   1325
517   625
607   679
607   1526
607   958
789   1112
789   1479
789   860
833   221
833   1576
833   1316
979   744
979   624
979   1567
979   1162
857   171
857   994
1079   125
1079   231
1079   160
1079   799
1160   1301
1301   996
1301   1160
1301   1452
1301   1241
1301   11
1301   1372
1326   1176
1326   1497
1326   885
1326   880
1326   439
1334   546
1340   1398
1580   125
1580   507
1580   336
1580   277
1580   343
1580   500
1580   41
1581   470
1581   777
1581   400
1581   620
1581   1153
1640   1105
1640   462
1640   373
1640   1202
1640   180
1640   1147
387   764
387   1161
578   1049
578   803
578   1634
578   250
702   940
702   182
702   558
1117   408
1117   462
1117   137
1117   1545
1117   955
1117   860
1218   408
1218   1201
558   408
558   1222
558   702
558   287
558   88
1041   328
1041   510
1041   1056
1041   1155
1041   372
1315   408
1315   1062
1315   600
1315   1408
1315   1320
1445   408
1445   719
1445   845
1445   1412
1445   125
1512   1281
1512   940
1512   532
1512   1574
1572   1529
1572   6
1572   149
1572   23
903   408
903   1297
1694   408
1694   1232
1694   640
1694   1081
505   53
505   594
505   293
350   116
350   351
350   1470
350   1510
794   550
794   1222
794   1701
794   1685
794   1347
794   296
1004   151
805   1272
805   793
805   967
805   1577
805   1671
1517   337
40   713
40   211
160   654
160   1079
160   1383
674   1207
674   1682
674   507
1617   56
1617   748
402   1666
137   1117
137   1116
137   1346
467   613
467   142
467   1564
467   1413
817   1077
817   1507
236   1520
236   856
236   1097
605   1535
605   843
605   683
605   624
605   1379
605   223
734   235
734   134
734   466
734   992
734   923
734   1138
734   942
1298   163
1346   1642
1346   865
1346   456
1346   660
1346   101
1346   268
1346   835
1346   137
1346   85
685   883
685   1325
1089   432
1089   1088
1089   1305
53   505
53   1650
53   354
53   775
53   217
376   1350
376   625
376   997
19   29
19   405
19   782
19   1705
19   453
19   746
20   501
20   1677
20   456
29   19
29   28
29   1164
29   1158
29   1515
1475   731
1475   170
1475   1282
974   171
974   230
974   568
591   373
591   325
591   234
591   555
426   1457
426   725
1206   972
1206   951
1206   1679
1206   1469
1343   1541
1343   1153
1343   1043
596   68
596   101
596   1654
1586   816
1586   703
1586   528
1586   420
1659   1005
1677   20
1677   1670
1677   470
28   29
28   473
28   519
28   1181
28   156
672   779
672   1521
1520   1172
1520   445
1520   236
1520   1391
1126   405
1126   1166
1126   1644
1126   200
1126   3
1126   1275
1246   256
1246   362
1246   1268
552   339
552   553
552   109
552   1453
552   250
552   917
552   996
1626   1252
1626   1099
1626   1700
1626   862
365   849
365   227
365   1446
507   901
507   1580
507   674
507   803
950   33
950   807
950   1414
950   1468
950   931
950   990
874   475
874   935
874   1693
266   33
266   201
266   288
266   464
266   1528
266   1540
266   604
36   159
36   162
36   1345
36   481
62   83
211   159
211   481
211   649
211   452
211   40
211   569
211   670
386   63
386   139
779   672
779   1513
779   692
779   1551
779   306
779   1411
1116   133
1116   1465
1116   881
1116   137
1116   1611
1116   878
1180   251
1180   393
1180   159
1180   1367
1180   845
771   63
771   510
771   440
771   178
771   1149
1398   1340
897   63
897   492
897   898
897   1591
897   861
897   1598
897   765
85   84
85   1140
85   1624
85   1684
85   1379
85   1346
1663   63
1663   808
1663   963
1679   63
1679   1206
111   885
111   1226
111   853
360   270
360   384
360   1310
360   585
360   547
360   148
360   927
425   647
425   576
425   1073
425   1584
425   1364
774   213
774   1207
1457   426
1457   1673
1457   43
1457   1503
1457   66
116   329
116   350
116   1377
116   1615
116   1239
1065   336
1065   683
48   1005
48   1465
48   477
48   232
69   219
69   1381
69   232
69   1555
410   1236
410   334
410   872
411   1086
411   1269
411   909
411   920
625   1102
625   1166
625   1330
625   376
625   1014
625   128
625   1342
625   517
731   1475
731   1680
731   1092
921   925
921   213
921   37
939   153
1187   326
1204   18
1166   68
1166   603
1166   1126
1166   625
1166   1278
1166   852
1166   1479
1166   431
1563   575
1563   712
399   1069
399   113
1671   68
1671   1136
1671   1172
1671   805
1689   843
1689   97
1689   563
720   735
720   619
720   875
717   146
717   809
717   443
717   88
1431   1460
1431   278
1431   239
1431   1449
308   307
308   610
308   667
21   986
21   1201
22   283
22   190
623   1396
623   401
623   1656
623   680
986   21
986   477
986   50
986   1021
986   840
986   359
1026   207
1026   961
1026   46
1026   1198
1150   876
1150   798
1150   390
1464   1425
1464   1061
1145   207
1579   429
1579   1491
1579   1419
1579   1383
1579   204
1236   1235
1236   1669
1236   410
1236   1560
388   589
707   706
707   309
707   671
707   200
707   726
707   785
707   1341
1603   1403
1603   1439
1603   12
1144   798
1144   1597
1235   1236
1235   1608
1235   797
876   1700
876   241
876   10
876   1150
294   283
294   295
294   1074
294   908
294   832
294   656
424   983
424   958
424   688
706   707
706   403
706   942
706   905
706   826
706   1433
73   74
73   757
73   1071
73   1191
73   1476
73   1514
73   216
241   764
241   241
241   1527
241   1592
241   876
241   767
241   1163
241   1280
249   107
249   1556
249   742
249   57
1577   723
1577   815
1577   902
1577   850
1577   805
24   23
24   482
904   700
904   1311
1021   498
1021   986
1247   25
1247   303
1247   884
698   1699
698   1120
698   1521
698   656
538   715
538   538
538   1029
538   1069
538   673
758   580
866   1388
866   297
901   507
901   1128
712   1118
712   1054
712   1563
712   1046
712   102
712   1552
1639   556
1639   888
130   129
130   1241
641   915
641   1001
641   1350
641   854
641   256
1691   1014
1691   1257
1691   777
446   952
446   529
532   1365
532   872
532   1502
532   1480
532   1658
532   74
532   1512
532   628
1434   1365
1434   788
1434   736
1434   1220
409   1698
409   880
409   1410
409   1411
409   1385
1139   1576
1286   1109
1286   299
1286   861
1286   580
1042   1559
1042   753
1042   932
1373   394
1373   1106
1373   86
1373   1293
187   187
187   613
187   1396
187   461
187   1015
187   1155
187   792
957   1124
957   1386
957   263
957   603
957   953
1072   473
1072   1104
1072   889
1072   184
1530   473
1530   526
1530   867
1306   1549
1306   1552
1306   1422
368   367
368   616
691   306
691   1444
691   97
691   1360
1558   477
1558   1456
1558   1249
254   394
254   853
254   1675
254   1598
254   1320
254   1648
393   314
393   1348
393   329
393   1180
393   1546
393   161
457   319
457   475
457   1002
457   1157
457   1213
1550   848
1550   250
1550   259
1050   133
110   544
110   629
110   923
110   506
110   1157
110   853
110   801
1194   803
1194   1554
1194   1171
783   373
783   1399
783   1020
783   1014
905   688
905   1424
905   1415
905   392
905   665
905   706
1182   1676
1263   217
1263   751
1263   575
508   1186
508   790
508   1554
1661   1468
1661   260
1661   1257
1417   208
1417   1342
1417   348
1417   245
1417   353
462   76
462   1062
462   1117
462   736
462   1640
462   1264
149   1572
94   1632
94   1551
94   1670
184   349
184   185
184   1642
184   1052
184   1072
700   519
700   904
1612   513
156   1523
156   1629
156   329
156   28
1082   159
1082   1651
1082   1597
1619   159
1619   66
1276   657
1193   1498
1193   1382
1193   333
1085   1238
1085   1086
1085   975
1085   226
1085   1432
1666   402
450   167
450   1403
450   1232
687   972
687   673
687   654
692   541
692   779
922   1067
922   136
922   1704
922   1440
453   19
453   542
453   963
453   1259
453   97
1599   1267
1599   6
1599   1279
1647   246
760   157
760   583
760   701
760   729
760   178
760   1257
1670   157
1670   301
1670   1418
1670   1387
1670   484
1670   94
1670   1677
865   157
865   865
865   1346
865   1211
865   52
865   1684
1705   19
1705   1313
1705   1312
1705   432
1705   285
243   1110
436   328
436   437
436   726
436   916
436   956
436   1656
855   1071
855   701
1060   117
1060   1322
1060   1321
1060   1027
1078   1368
1078   987
828   189
828   854
1251   726
1338   474
1338   640
1338   403
1526   607
1526   739
1538   261
1541   1343
1541   999
1541   1620
1608   1423
1608   1415
1608   1235
1611   1016
1611   1116
1368   1367
1368   1078
1368   868
1368   71
104   473
104   228
849   850
849   269
849   293
849   365
849   395
849   1239
849   1555
849   255
849   806
564   108
564   1396
564   759
564   1105
594   927
594   919
594   1702
594   711
594   1232
594   505
743   108
743   1396
743   1202
941   201
941   983
941   1678
941   981
1115   669
1115   336
1115   565
1115   1189
1115   46
1115   75
397   933
397   151
1244   108
1244   727
1244   1429
1415   1098
1415   644
1415   1608
1415   905
1415   1239
1424   905
1424   1345
1424   1305
270   360
270   1142
270   679
270   845
1497   1326
1540   108
1540   531
1540   146
1540   266
1540   1399
792   1471
792   187
1641   114
1641   611
1641   430
1641   719
1641   32
1157   751
1157   110
1157   887
1157   457
1019   1643
1600   1416
59   269
59   275
59   604
59   1153
59   10
87   484
87   906
87   1289
87   1389
354   53
354   37
354   299
354   1331
354   1010
561   542
561   1642
561   145
571   353
571   1546
571   1469
571   26
763   1446
765   1388
765   897
883   685
883   1514
883   996
883   990
883   296
277   199
277   1580
277   1539
1111   736
1177   1359
1177   804
1576   938
1576   833
1576   1296
1576   1139
1576   1553
1576   1348
1576   1704
1576   1548
1602   269
1602   1190
954   1616
954   1559
954   55
954   620
954   886
1656   994
1656   1435
1656   623
1656   1449
1656   1064
1656   1555
1656   436
577   194
577   92
577   709
577   1185
1010   465
1010   1292
1010   197
1010   1043
1010   354
1010   1389
374   829
374   1257
374   1370
374   1100
374   1095
796   416
796   1225
796   1405
873   328
873   1137
873   82
873   1390
1013   75
1031   1309
1031   642
1031   1376
1031   1273
1095   119
1095   50
1095   374
736   462
736   929
736   124
736   1111
736   200
736   1427
736   1434
736   722
736   1604
884   1247
1404   1288
1404   604
1404   1704
1450   328
1450   494
1450   353
1548   785
1548   1248
1548   1576
1634   174
1634   533
1634   578
1634   483
1528   1511
1528   1319
1528   266
716   705
716   1352
716   1297
927   705
927   594
927   1448
927   528
927   192
927   987
927   360
925   921
925   1329
925   1320
925   1033
1059   1239
1059   1120
1370   555
1370   374
1370   614
1436   514
1436   1622
251   88
251   679
251   1180
251   1592
251   82
800   1591
800   608
800   215
37   354
37   1396
37   921
162   36
162   1171
162   1121
162   263
162   252
1132   1212
1132   1195
1132   186
1161   1668
1161   387
1161   1335
1161   1283
1161   963
1161   1332
1439   752
1439   1603
1345   36
1345   920
1345   916
1345   1628
1345   1424
1345   1208
1345   102
265   940
562   924
562   992
612   1309
612   1009
612   166
635   545
635   498
681   579
907   539
1006   1066
1066   1006
1066   1279
1129   103
1129   812
1129   951
1496   983
1496   842
1496   1587
1496   1222
1496   1407
1496   1185
1678   389
1678   233
1678   871
1678   941
606   688
606   127
606   1698
606   1136
606   1168
1702   1028
1702   784
1702   1253
1702   1016
1702   594
987   492
987   380
987   1078
987   86
987   298
987   191
987   850
987   927
1122   391
1425   1464
1425   58
1425   227
466   273
466   734
553   552
553   540
1029   1355
1029   440
1029   538
1029   146
1397   1094
1397   46
1397   295
42   43
42   1385
42   649
42   759
42   722
43   42
43   442
43   202
43   1277
43   80
43   587
43   1457
43   1252
248   523
442   43
442   659
442   1184
442   1427
64   929
64   438
673   1380
673   464
673   687
673   113
673   448
673   538
567   1498
567   1348
574   429
574   68
574   551
574   1046
574   476
1360   1259
1360   1593
1360   691
757   73
757   1265
444   434
722   1595
722   283
722   499
722   736
722   42
1005   48
1005   1471
1005   1569
1005   1659
1005   214
1005   1521
1465   48
1465   1116
1465   930
210   775
88   49
88   251
88   169
88   1585
88   717
88   558
88   1221
75   329
75   1013
75   78
75   247
75   881
75   209
75   1278
75   1115
75   336
75   843
287   105
287   1330
287   370
287   558
287   214
287   1258
287   1179
733   690
733   61
790   508
790   997
790   1216
1052   1471
1052   184
1325   1458
1325   755
1325   517
1325   459
1325   685
1325   421
1325   1080
237   1253
237   60
1327   1113
1327   213
1327   610
502   271
502   340
502   309
640   618
640   1338
640   1148
640   1090
640   1694
640   1024
127   422
127   606
127   563
364   363
364   423
364   151
292   1510
292   193
1609   1655
1609   1394
918   989
1178   268
1178   408
81   723
664   398
664   989
664   1462
451   214
451   76
1149   83
1149   373
1149   469
1149   771
1149   97
1149   928
1215   217
1215   972
1215   1038
1557   351
1557   611
966   182
966   1045
966   1378
890   1454
890   95
890   460
1284   362
814   1015
1291   1018
1291   213
993   181
993   231
993   1032
655   1202
1553   158
1553   1576
1553   563
1553   260
1553   816
1553   797
1672   238
1650   53
1650   836
1650   632
1650   1630
1650   90
1650   1508
1650   1305
1650   472
1650   208
1650   1462
1650   306
1650   1435
1650   195
965   1102
965   797
965   531
891   452
891   1290
992   734
992   562
525   524
525   620
754   735
1391   1537
1391   1520
656   1422
656   1350
656   1662
656   294
656   698
656   1426
778   395
275   59
275   964
275   1043
275   1490
324   490
403   1097
403   1338
403   706
403   346
1344   323
1344   592
1344   1610
1344   604
1344   1087
1402   958
1402   1549
1402   1479
281   282
281   165
582   583
582   645
582   1146
565   1169
565   1115
565   317
1559   355
1559   943
1559   1310
1559   1042
1559   954
1559   1283
1620   1523
1620   169
1620   1322
1620   769
1620   1541
1620   1099
1620   318
1620   205
1620   495
1134   1049
1134   1522
1134   1476
1524   263
1524   1667
1524   660
1524   811
1524   782
1524   1074
1317   851
1317   379
1317   850
1317   1592
1317   456
868   710
868   1368
868   422
875   741
875   720
875   678
1279   710
1279   1066
1279   1599
1279   1241
1442   710
1442   1299
1442   77
1442   1020
1442   1643
1573   152
675   600
675   1606
675   962
178   563
178   771
178   1205
178   760
432   177
432   1089
432   1418
432   487
432   1382
432   335
432   1705
432   233
432   322
58   351
58   174
58   523
58   9
58   1425
58   977
58   940
274   1696
274   1094
274   363
274   259
589   388
1069   399
1069   1197
1069   1201
1069   538
1535   605
1535   204
1535   1387
1535   1502
1507   1168
1507   1632
1507   454
1507   817
1141   719
869   1556
937   445
1287   247
1287   1329
1287   378
1287   176
503   132
739   1598
739   1526
739   1073
739   165
1444   660
1444   999
1444   1312
1444   691
985   984
985   120
985   895
809   96
809   1120
809   717
809   1054
809   1668
898   897
898   1367
1211   1466
1211   865
1211   896
84   85
84   1440
84   1137
84   1682
112   1418
112   815
815   475
815   112
815   1644
815   1577
967   1452
967   1240
967   805
832   181
832   997
832   1290
832   294
832   1137
1051   476
1051   1508
1051   1547
1140   85
1140   273
1140   430
1313   1705
1313   729
1313   870
1556   249
1556   869
65   78
65   600
119   661
119   1429
119   105
119   1095
1074   294
1074   1056
1074   1643
1074   71
1074   1524
1192   186
1461   1354
1461   933
929   64
929   736
929   25
396   325
396   1448
396   723
396   78
396   1228
1256   329
1256   1649
1256   575
97   838
97   98
97   1308
97   1224
97   691
97   1149
97   1689
97   453
258   164
258   1222
258   1644
1296   1576
798   1120
798   1144
798   1150
798   1420
215   800
215   1024
215   1335
215   1532
215   1063
215   1587
1154   1392
1154   933
1154   1387
1426   788
1426   852
1426   656
1469   571
1469   1206
1483   646
1483   227
1483   1504
298   433
298   987
498   499
498   1021
498   635
498   150
1568   1621
913   347
913   1627
1146   582
1146   152
1146   1554
1146   35
1265   914
1265   757
1265   1354
1265   1064
1265   840
1309   1031
1309   1022
1309   612
1492   1618
1492   1688
1492   902
1492   1061
1492   478
1422   1421
1422   656
1422   546
1422   1306
1422   1700
71   72
71   726
71   1080
71   1380
71   1074
71   1368
95   890
95   1171
434   15
434   126
434   931
434   444
806   849
840   155
840   1490
840   590
840   1349
840   1265
840   1280
840   986
923   110
923   1515
923   1109
923   1533
923   1499
923   1018
923   734
940   1162
940   702
940   1512
940   1463
940   265
940   58
976   1468
976   1499
976   1275
836   1650
836   1339
836   524
836   566
836   428
847   848
847   418
1513   1253
1513   676
1513   263
1513   779
1513   159
1595   601
1595   234
1595   722
1595   1075
689   133
689   892
689   445
689   1086
961   1026
1011   151
1011   493
1011   1531
1011   1683
1035   1043
1035   775
1071   73
1071   512
1071   259
1071   855
1191   73
1191   61
1191   1328
1476   73
1476   1668
1476   867
1476   470
1476   1134
1514   73
1514   563
1514   883
1561   761
1561   93
1561   16
1561   998
1384   209
1384   194
1384   1027
1610   1344
1610   245
1610   1119
1610   385
1624   85
1624   714
1624   915
1624   1172
1658   38
1658   532
1658   32
1658   786
1704   861
1704   922
1704   1404
1704   1489
1704   246
1704   1576
226   711
226   379
226   1181
226   1085
226   1245
226   644
226   1662
329   75
329   116
329   13
329   83
329   393
329   1293
329   1256
329   218
329   156
588   914
588   82
588   1449
588   1655
588   1533
1167   134
1167   1473
1534   1533
1534   412
1534   972
1534   730
1534   696
1168   1507
1168   264
1168   786
1168   1508
1168   606
1168   710
1596   1531
1596   762
1596   1625
1596   579
1596   92
1596   714
348   1417
1383   31
1383   747
1383   219
1383   1579
1383   1253
1383   160
1383   1366
310   629
310   701
522   643
522   1453
522   1437
632   1650
632   1564
632   1585
632   1061
1023   92
1023   1480
1023   1000
1537   973
1537   962
1537   145
1537   1391
1537   516
1302   1217
1302   1539
1463   999
1463   940
1562   677
1562   304
1575   747
642   1031
642   1163
642   82
915   641
915   1227
915   206
915   1624
1001   641
1001   744
1350   641
1350   376
1350   86
1350   656
1350   469
1623   469
1623   306
351   350
351   58
351   1030
351   1311
351   1557
351   1135
516   768
516   1034
516   1537
1097   403
1097   80
1097   458
1097   236
1171   1007
1171   162
1171   95
1171   1414
1171   1703
1171   1194
1330   287
1330   625
1470   350
185   184
185   1289
382   1240
382   1113
1456   1558
86   823
86   1350
86   987
86   1373
823   86
823   629
823   630
823   1468
484   87
484   609
484   807
484   235
484   1670
484   755
519   648
519   700
519   165
519   28
519   1531
519   107
519   280
519   813
250   296
250   552
250   47
250   1550
250   1147
250   578
861   1704
861   980
861   897
861   193
861   617
861   1286
306   691
306   1623
306   779
306   1650
906   87
906   826
1282   3
1282   1475
1289   87
1289   317
1289   185
1320   1636
1320   879
1320   254
1320   1315
1320   925
1389   87
1389   189
1389   416
1389   1133
1389   1010
1490   234
1490   275
1490   840
1490   746
513   980
513   1073
513   1148
513   1329
513   1062
513   1612
513   408
1654   1419
1654   596
109   552
109   793
109   1378
238   1672
1056   1041
1056   1106
1056   1074
1056   843
1056   989
1107   262
1331   1285
1331   871
1331   354
1546   571
1546   393
648   519
305   1447
305   192
305   708
305   821
370   287
370   1156
512   1071
512   936
1073   513
1073   425
1073   390
1073   953
1073   1387
1073   739
1148   513
1148   640
1148   550
1148   1421
1159   709
1159   912
1159   887
1625   914
1625   495
1625   1596
1625   1500
96   809
96   879
96   1034
1063   620
1063   468
1063   215
1063   960
390   1582
390   1073
390   627
390   1150
1267   1599
1267   416
1324   948
1324   1547
1324   129
1324   1522
1324   587
98   97
98   878
98   494
98   1017
1040   1229
1040   1054
1232   1694
1232   594
1232   450
1229   1040
1229   1219
1453   45
1453   659
1453   552
1453   522
1453   140
1453   1420
1453   935
1448   396
1448   1606
1448   744
1448   494
1448   927
1448   1687
1447   1205
1447   305
1447   1697
1447   703
102   93
102   67
102   1406
102   712
102   1345
217   1263
217   225
217   1152
217   952
217   133
217   1215
217   53
460   890
541   418
541   692
296   1569
296   250
296   32
296   9
296   794
296   1271
296   883
864   721
864   1083
864   1312
864   355
864   153
1080   1701
1080   71
1080   1325
1314   315
1314   1127
1332   214
1332   303
1332   1161
1386   957
1386   1481
1386   1410
1491   101
1491   1579
1491   1392
297   1217
297   1241
297   866
297   1054
933   397
933   1154
933   1461
994   1656
994   1458
994   857
994   35
1569   296
1569   492
1569   1392
1569   1005
1569   1589
1569   188
1667   568
1667   1524
1667   55
1667   340
220   1043
899   1348
899   738
793   50
793   949
793   109
793   837
793   805
793   724
1109   1286
1109   923
1158   1186
1158   29
415   701
415   332
415   634
544   110
544   99
544   1377
544   723
978   1061
978   465
548   1449
359   824
359   315
359   986
1208   1345
1208   924
1208   1030
1208   1323
724   793
660   1346
660   1444
660   1524
660   1046
795   1028
795   398
795   667
1377   116
1377   357
1377   544
1615   116
1615   1137
1615   90
753   1485
753   1277
753   1042
753   1143
218   418
218   670
218   329
1380   673
1380   1037
1380   71
1046   712
1046   1112
1046   1506
1046   559
1046   660
1046   574
1674   676
1674   1057
1674   619
120   121
120   985
120   355
459   1430
459   1325
459   392
459   35
477   986
477   1558
477   377
477   690
477   48
490   121
490   54
490   324
839   121
839   846
839   1190
935   323
935   144
935   874
935   1453
1113   1327
1113   382
483   121
483   1522
483   1121
483   229
483   1634
1312   1592
1312   864
1312   1444
1312   1705
1335   527
1335   1161
1335   215
1335   1681
1335   494
1388   765
1388   866
1388   1669
848   121
848   847
848   1550
848   1479
848   902
1518   942
1518   1566
1093   312
1093   877
129   130
129   1701
129   1324
129   570
1165   108
1165   1328
1165   892
482   24
1621   723
1621   1568
1621   1516
1621   17
1104   1072
1486   1201
1486   1405
1486   661
1486   356
1486   618
1486   747
1418   432
1418   112
1418   1670
1418   1566
1418   473
1034   580
1034   1032
1034   96
1034   516
1034   680
621   620
621   1254
1506   1046
1351   355
1351   1688
128   975
128   239
128   263
128   625
128   1683
973   1537
1012   835
1012   493
486   1084
486   207
486   1570
813   1201
813   136
813   519
1571   1408
984   985
984   953
1416   1600
835   199
835   1346
835   1155
835   1012
690   733
690   1305
690   477
690   1198
690   1018
1185   45
1185   577
1185   1496
555   1370
555   1692
555   372
555   591
555   1303
592   1344
592   1443
592   816
138   246
139   356
139   449
139   386
896   332
896   614
896   776
896   1211
1018   1257
1018   1224
1018   1291
1018   542
1018   923
1018   690
1061   978
1061   1492
1061   581
1061   1485
1061   632
1061   1464
1319   1528
1319   1478
1703   1171
766   767
1347   767
1347   494
1347   1086
1347   794
1591   800
1591   897
1433   145
1433   1443
1433   1560
1433   334
1433   706
547   240
547   1660
547   360
340   361
340   502
340   1667
529   959
529   446
1348   105
1348   899
1348   393
1348   1576
1348   567
213   1327
213   774
213   740
213   921
213   1291
213   205
1226   111
1226   713
748   474
748   1617
829   926
829   374
1020   1684
1020   1442
1020   783
1088   1089
1529   1390
1529   1572
1698   409
1698   606
1701   1080
1701   794
1701   657
1701   129
1701   419
1701   304
1701   1105
1363   1362
1363   394
1363   708
1143   753
1259   1360
1259   1121
1259   453
1259   356
1259   1329
1259   1648
759   730
759   1664
759   1631
759   564
759   42
908   51
908   294
1376   1031
169   1620
169   88
169   804
169   1310
170   1475
170   1233
433   298
433   1007
428   171
428   1039
428   72
428   1293
428   344
428   836
761   1561
761   201
761   1028
761   1027
761   155
1186   601
1186   508
1186   1158
1186   708
1186   741
1186   131
447   206
447   256
447   122
447   372
447   970
447   1413
1125   651
768   1482
768   1564
768   580
768   269
768   516
1627   611
1627   45
1627   913
180   1640
180   406
182   966
182   702
182   1280
182   367
192   852
192   305
192   927
192   1243
852   192
852   449
852   1426
852   1166
852   1459
852   1375
1190   313
1190   1602
1190   948
1190   1396
1190   839
1127   1308
1127   1314
1128   1511
1128   901
1128   314
1128   767
1356   1421
1437   1378
1437   1544
1437   1242
1437   522
718   231
718   1123
1358   1683
1358   728
1446   763
1446   694
1446   1692
1446   303
1446   1240
1446   365
1446   797
1594   188
785   729
785   1548
785   769
785   707
916   1345
916   436
962   1537
962   1695
962   675
1355   1029
1355   563
1355   101
1355   666
614   1489
614   896
614   1370
1101   701
1101   57
769   272
769   223
769   990
769   785
769   1688
769   1620
870   1549
870   246
870   1313
575   1563
575   1070
575   1038
575   1256
575   1263
1511   1120
1511   1528
1511   1128
1635   307
1635   964
1635   867
755   214
755   860
755   1325
755   484
755   1367
1503   1457
1521   1421
1521   698
1521   672
1521   1005
227   227
227   1552
227   365
227   1483
227   1425
1455   177
1455   300
1043   275
1043   1035
1043   49
1043   1343
1043   220
1043   1010
964   275
964   1635
699   31
699   1657
825   1271
825   429
1690   801
1690   1102
1690   1664
1690   301
1547   1051
1547   1324
1547   738
1183   52
1183   282
1183   1664
1527   241
1527   60
1592   241
1592   1312
1592   251
1592   443
1592   407
1592   1317
259   999
259   1071
259   274
259   694
259   850
259   764
259   1550
812   326
812   1133
812   1129
788   1426
788   177
788   1434
788   1201
1570   255
1570   495
1570   1544
1570   486
278   1604
278   1431
970   1427
970   447
1616   954
1605   1481
1605   150
881   1116
881   75
949   846
949   793
1216   1688
1216   790
1118   712
1118   1631
1118   299
295   294
295   1179
295   1397
295   1588
1172   1520
1172   1671
1172   762
1172   1624
1172   1058
1172   288
1249   616
1249   911
1249   1558
1249   1664
493   1395
493   1011
493   1443
493   1017
493   1012
543   510
543   696
543   1322
568   1252
568   1667
568   367
568   974
568   1381
911   573
911   1646
911   1413
911   1249
911   680
1048   492
1048   441
1048   233
1048   1665
991   147
1142   270
1142   106
1142   1245
1175   492
1175   1405
1175   421
1175   114
1175   31
1175   144
1175   1443
1435   313
1435   1656
1435   188
1435   708
1435   1087
1435   1650
1588   295
1588   1700
1601   853
1601   1680
291   1554
291   1371
291   821
291   190
423   1539
423   364
1668   1161
1668   1476
1668   230
1668   1362
1668   809
1533   1534
1533   923
1533   808
1533   588
1257   1018
1257   728
1257   1691
1257   1661
1257   374
1257   760
1399   783
1399   703
1399   1540
1604   278
1604   736
1152   217
1379   605
1379   189
1379   85
1133   1408
1133   812
1133   1389
1189   996
1189   1304
1189   1341
1189   1115
667   546
667   795
667   308
1106   1614
1106   1056
1106   1373
1106   315
1311   1230
1311   1308
1311   351
1311   191
1311   904
1531   1596
1531   519
1531   1011
1531   1665
509   224
509   1000
381   173
381   303
947   533
1375   888
1375   852
1378   1437
1378   361
1378   109
1378   966
456   1346
456   1336
456   20
456   317
456   1317
1614   1106
1614   1250
559   1272
559   1046
643   7
643   522
643   777
643   300
654   160
654   687
1328   1191
1328   1165
1328   1062
1329   1287
1329   513
1329   925
1329   1259
1636   1320
647   425
1564   632
1564   467
1564   768
1564   157
1564   373
877   750
877   1411
877   1630
877   1093
1458   1325
1458   994
1458   1560
1673   1457
1673   775
1673   18
583   582
583   760
583   546
583   151
430   1641
430   1140
430   17
431   659
431   530
431   1166
440   771
440   613
440   1029
440   465
440   1429
440   650
440   894
441   1048
441   1008
441   480
1362   1363
1362   135
1362   1668
1124   957
1124   1628
1124   1321
1367   1368
1367   898
1367   1180
1367   755
990   769
990   883
990   950
1272   1027
1272   805
1272   559
1209   1653
981   1349
981   678
981   941
981   300
981   750
730   759
730   1534
730   799
730   597
1092   909
1092   731
1092   1288
526   1530
526   1147
960   527
960   1482
960   1063
1420   527
1420   302
1420   638
1420   798
1420   1453
1420   616
1699   698
1339   836
536   196
536   882
537   537
1077   817
1077   378
804   335
804   999
804   169
804   1177
1007   1171
1007   1176
1007   433
1280   1440
1280   155
1280   182
1280   764
1280   241
1280   514
1280   840
556   1639
1137   1615
1137   873
1137   1481
1137   1523
1137   832
1137   84
572   573
572   1295
573   572
573   911
573   163
573   1353
573   1682
1405   1175
1405   1486
1405   225
1405   796
593   859
1294   859
818   121
1220   557
1220   196
1220   1434
1260   115
1260   244
1390   1529
1390   873
1153   206
1153   1343
1153   59
1153   1581
1392   1154
1392   1569
1392   1491
620   621
620   1583
620   1581
620   1063
620   954
620   147
620   525
1644   90
1644   1126
1644   1441
1644   815
1644   258
1341   879
1341   1189
1341   1228
1341   707
645   582
645   1449
1045   1696
1045   966
1045   1205
1519   16
1519   228
1519   1700
1176   25
1176   1326
1176   1007
1485   753
1485   82
1485   1061
1485   391
725   587
725   426
917   552
917   1676
749   750
750   749
750   877
750   1258
750   357
750   981
1440   84
1440   1280
1440   1231
1440   922
1440   1199
1551   94
1551   779
772   773
772   850
772   286
773   772
773   893
773   1032
773   13
1423   90
1423   1608
1432   1085
826   1333
826   906
826   706
826   1523
821   540
821   216
821   1252
821   240
821   291
821   305
822   464
841   842
841   566
841   181
842   841
842   1628
842   1496
842   844
842   408
843   605
843   938
843   1056
843   1689
843   6
843   75
844   1382
844   842
844   1198
844   267
845   355
845   344
845   1445
845   576
845   604
845   270
845   738
845   1180
846   949
846   839
862   863
862   1626
863   862
863   1555
1655   1609
1655   1055
1655   1103
1655   588
963   1479
963   1454
963   453
963   931
963   1663
963   912
963   1161
919   597
919   594
919   1217
919   740
945   1000
945   90
1184   442
1184   610
1196   569
1597   1082
1597   1144
1597   1188
1498   1193
1498   858
1498   567
1498   859
1660   1100
1660   1131
1660   547
1660   617
1385   42
1385   375
1385   409
1648   1277
1648   254
1648   1259
988   989
988   56
988   16
989   988
989   664
989   918
989   1056
1037   1037
1037   1380
1037   165
1468   1645
1468   1278
1468   1661
1468   950
1468   976
1468   823
1468   1683
1468   47
1662   317
1662   312
1662   656
1662   226
1067   922
1067   900
1499   923
1499   1494
1499   976
1499   282
1100   1660
1100   1281
1100   1467
1100   374
1075   1075
1075   586
1075   1595
1075   448
1075   807
1099   1223
1099   1626
1099   1620
1099   219
1099   1504
1381   972
1381   171
1381   568
1381   69
1162   940
1162   979
1163   665
1163   642
1163   241
1173   1333
1199   145
1199   1440
1200   31
1212   1132
1213   457
1224   1018
1224   914
1224   97
1225   439
1225   92
1225   796
1227   915
1227   268
1227   362
1227   728
1228   742
1228   1590
1228   1341
1228   396
1228   1016
1228   161
1230   1231
1230   1311
1231   1230
1231   1700
1231   810
1231   299
1231   1440
1241   1301
1241   297
1241   130
1241   1279
1242   419
1242   955
1242   827
1242   1437
1254   551
1254   621
1255   926
1255   650
1269   1239
1269   411
1269   1223
1270   639
1304   1189
1304   30
1305   690
1305   1650
1305   1
1305   1089
1305   1424
1353   573
1353   6
1354   1323
1354   315
1354   1461
1354   1265
1354   585
1354   1487
1400   517
1400   1400
1400   163
1408   1133
1408   810
1408   1315
1408   1571
1409   1481
1409   1500
1409   395
1646   911
1646   590
1419   1419
1419   346
1419   1579
1419   1654
1428   948
1428   143
1428   336
1428   422
1429   119
1429   1244
1429   1555
1429   440
1429   882
1645   1468
1645   1030
1477   90
1477   600
1478   1319
1480   1481
1480   532
1480   920
1480   1023
1481   1480
1481   1605
1481   114
1481   1409
1481   1137
1481   1386
1651   1054
1651   995
1651   1082
1651   38
1494   1499
1495   1293
1508   1508
1508   1051
1508   1650
1508   257
1508   1168
1508   240
1543   204
1543   1369
1544   164
1544   1437
1544   557
1544   1570
1544   319
1544   608
1589   1590
1589   349
1589   803
1589   1569
1590   1589
1590   1228
1590   418
1642   1643
1642   1346
1642   184
1642   561
1643   1642
1643   952
1643   1169
1643   1074
1643   1019
1643   1442
1652   721
1653   135
1653   1209
