1   10
1   3
1   824
1   429
1   828
2   1026
2   33
6   788
6   308
6   85
20   16
20   358
20   490
20   1171
10   1
10   3
10   11
10   144
10   163
10   1003
10   501
46   91
46   794
46   796
46   953
46   420
14   414
14   404
14   905
14   654
16   20
16   707
16   1226
16   159
16   624
3   1
3   10
3   19
3   192
3   132
3   421
273   595
273   928
273   438
273   1083
273   456
18   33
18   999
18   1085
23   1091
23   95
23   676
23   321
37   760
37   344
37   405
37   144
4   13
4   113
4   905
27   165
27   910
27   648
27   294
27   656
27   847
27   799
27   555
27   481
45   372
45   1074
45   603
290   1166
5   1059
13   4
13   916
13   488
13   684
13   457
13   1221
13   1057
34   109
34   842
34   1046
34   224
34   829
34   250
34   178
34   806
34   328
39   635
39   609
39   1166
39   768
40   493
47   482
47   295
47   269
535   1039
535   454
554   748
555   590
555   489
555   984
555   1126
555   756
555   51
555   279
555   27
555   168
555   427
113   4
113   67
113   103
113   570
113   93
113   684
113   150
85   368
85   139
85   1085
85   6
799   591
799   703
799   27
799   266
799   396
7   391
7   1026
7   395
7   696
21   22
21   565
21   990
21   842
24   284
24   544
24   264
24   340
24   651
31   1164
31   184
51   435
51   555
43   292
43   1090
43   183
8   874
8   671
8   126
8   221
49   50
49   434
49   436
49   1105
49   862
49   1164
548   154
548   626
136   711
136   1042
136   1170
9   263
9   898
9   1094
9   715
9   744
9   617
288   754
289   22
289   134
289   108
705   537
705   161
572   852
572   764
572   1131
264   656
264   614
264   24
264   312
263   9
263   76
263   734
263   331
263   88
263   847
52   120
52   134
52   286
52   137
52   1013
52   1110
52   353
52   181
52   1026
52   941
560   890
560   413
560   344
560   70
285   392
285   817
285   919
285   199
992   688
992   72
992   975
992   900
992   542
992   1219
992   872
992   568
992   1022
11   10
11   570
11   1179
11   293
11   1166
29   532
29   1122
29   134
29   786
119   509
180   993
180   618
180   1046
180   622
420   956
420   17
420   46
420   1004
421   1096
421   253
421   844
421   713
421   3
124   699
124   1214
124   22
134   52
134   100
134   427
134   729
134   289
134   869
134   538
134   29
134   434
482   47
482   1057
144   10
144   75
144   589
144   1215
144   1025
144   325
144   37
293   911
293   845
293   739
293   11
293   1183
12   468
12   556
12   527
160   1083
160   719
160   914
1089   912
1089   1005
127   1010
127   777
15   26
15   550
15   1126
15   1115
15   430
48   874
48   701
48   1002
299   544
299   380
299   463
26   15
26   769
26   1045
26   434
26   962
185   132
185   631
185   1164
17   157
17   1159
17   1182
17   1170
17   420
17   751
53   1226
53   1049
53   985
53   118
53   105
53   1204
53   387
158   537
158   712
158   1038
158   317
158   906
158   741
786   29
321   23
321   720
321   1111
321   1127
321   1200
321   1118
157   17
157   1093
157   586
157   876
157   1128
157   741
713   422
713   421
19   898
19   856
19   202
19   365
19   655
19   3
19   460
19   711
19   133
19   575
33   18
33   489
33   852
33   59
33   2
188   607
188   162
22   21
22   289
22   459
22   762
22   124
22   276
22   845
487   783
487   644
616   404
616   1045
616   989
616   174
616   261
810   458
810   1063
810   1103
810   611
898   19
898   9
898   156
898   294
898   780
984   555
984   617
984   1000
77   313
77   277
78   73
78   1061
78   404
78   337
78   92
79   519
79   708
79   783
79   61
151   1161
151   878
151   428
68   93
68   254
68   1149
68   268
68   38
710   186
710   701
710   362
122   784
122   320
122   836
122   831
122   1090
35   1129
35   547
35   966
895   896
895   606
895   918
896   895
896   985
896   503
435   51
435   465
435   887
785   946
785   544
785   348
785   235
785   688
884   437
884   176
1091   23
1091   863
1091   386
1091   1071
1091   770
25   981
25   195
25   563
25   618
132   185
132   766
132   921
132   3
132   91
132   659
132   1208
50   49
50   1092
50   573
50   889
284   24
284   123
284   885
492   1041
544   24
544   299
544   558
544   514
544   1079
544   198
544   785
544   73
544   635
81   76
81   266
81   942
81   885
156   102
156   798
156   898
156   1162
156   1142
1214   1122
1214   319
1214   124
1214   427
1214   640
30   217
529   36
530   668
530   894
530   217
530   1188
530   379
94   697
94   354
94   1155
271   443
271   1185
271   880
341   186
341   990
495   461
495   1176
495   200
495   468
911   783
911   139
911   293
911   1207
911   181
911   295
911   279
28   108
165   27
165   660
165   858
165   812
715   1137
715   471
715   735
715   631
715   9
715   620
712   158
712   845
712   1033
712   644
797   1080
797   231
797   599
44   176
44   412
44   208
44   792
44   969
44   657
44   1225
44   891
44   499
910   27
910   460
910   388
910   798
910   206
685   875
685   765
685   347
685   494
685   126
685   1131
685   723
685   963
32   57
32   508
32   446
32   1096
101   802
101   913
101   215
101   1190
102   54
102   156
102   806
102   202
102   940
114   1048
114   443
116   445
116   253
116   963
116   714
116   1043
116   398
116   871
116   388
82   355
82   835
161   705
161   1096
189   1032
189   348
189   438
189   1081
191   208
191   897
191   59
191   925
191   743
192   339
192   498
192   620
192   925
192   3
192   358
425   1184
425   781
425   382
426   128
429   1
429   526
429   814
429   846
429   306
66   65
66   659
66   596
103   113
103   1102
103   129
103   1077
103   940
103   202
103   402
109   34
109   170
109   579
109   538
109   982
109   308
36   108
36   706
36   276
36   683
36   529
152   409
326   1153
108   36
108   841
108   1054
108   289
108   28
824   716
824   438
824   1
38   384
38   639
38   80
38   967
38   641
38   68
153   130
153   714
184   1152
184   169
184   31
184   447
297   1146
297   55
297   579
297   1211
384   38
384   526
384   879
384   523
733   252
733   775
733   1147
948   1204
948   1082
948   580
42   375
167   1138
167   1144
167   1199
167   875
291   693
291   631
291   626
291   1107
291   538
292   43
292   867
292   306
436   49
436   1127
436   732
436   121
272   637
1090   43
1090   635
1090   1045
1090   122
830   110
830   187
830   938
830   567
110   54
110   72
110   830
110   392
110   527
110   859
110   937
110   951
176   44
176   528
176   499
176   83
176   902
176   884
577   790
577   669
412   44
412   694
412   787
208   44
208   191
208   783
208   1131
148   968
148   872
148   670
148   480
792   44
792   187
792   1127
792   676
792   704
792   591
802   101
802   798
802   549
802   658
802   306
807   778
807   1024
528   176
537   89
537   158
537   146
537   840
537   705
537   1178
809   111
822   190
822   1139
837   746
837   196
837   1162
837   1163
837   1179
843   75
843   603
843   517
843   1169
843   358
969   44
125   106
125   1087
125   1036
125   245
125   490
125   364
125   1162
125   302
125   771
125   241
91   46
91   90
91   812
91   132
91   460
91   169
735   139
735   1163
735   715
735   566
735   754
735   398
794   46
794   262
794   363
794   882
794   936
794   756
794   669
172   104
172   249
172   550
172   133
83   120
83   176
83   195
84   546
84   478
84   979
195   698
195   25
195   728
195   83
195   73
276   251
276   36
276   334
276   627
276   22
120   52
120   83
120   287
470   70
470   982
470   417
473   883
477   1001
477   718
477   1173
477   1191
477   1025
477   959
488   376
488   13
488   99
98   745
98   1031
98   294
163   10
163   559
163   1166
163   346
657   89
657   44
657   67
672   1219
672   573
672   342
672   100
672   371
672   393
841   108
841   744
841   1225
434   49
434   729
434   1139
434   481
434   134
434   26
566   644
566   1196
566   735
731   1206
731   319
731   1085
793   155
793   852
491   663
491   126
491   1136
563   567
563   668
563   294
563   25
563   1009
563   118
63   204
63   383
63   877
63   214
63   1129
76   263
76   81
76   988
76   870
76   908
76   707
76   935
76   1223
135   736
135   1106
135   968
168   105
168   1119
168   376
168   1226
168   613
168   140
168   555
168   146
266   81
266   538
266   578
266   1197
266   587
266   799
266   649
286   52
286   1128
286   635
286   1040
286   503
286   763
295   489
295   47
295   262
295   1160
295   911
295   800
296   714
128   781
128   329
128   242
128   426
582   422
582   673
582   197
137   52
137   55
137   105
270   905
270   633
970   974
970   970
970   1137
1013   52
1013   1098
1013   220
1013   516
454   653
454   900
454   617
454   535
737   217
737   251
737   893
54   96
54   102
54   110
54   218
54   455
54   850
69   149
69   106
75   843
75   1215
75   144
75   317
75   303
75   734
75   932
75   762
787   931
787   550
787   396
787   412
828   1163
828   727
828   1021
828   1
828   1225
829   34
829   181
829   511
1095   58
1095   921
1095   1011
1095   542
1095   669
95   201
95   23
95   269
95   1103
96   54
96   233
96   1169
145   753
145   225
145   100
93   68
93   113
93   805
93   648
150   716
150   113
150   1180
171   1015
171   919
55   681
55   297
55   137
56   904
1076   626
1076   1012
1076   402
1076   623
1076   325
1076   532
57   32
57   317
905   4
905   270
905   14
906   67
906   158
906   857
853   1167
853   1118
933   181
933   943
933   459
933   129
1079   231
1079   207
1079   544
1079   358
904   56
904   1184
904   1041
904   452
904   399
904   1193
58   1095
58   1036
58   819
394   129
394   351
394   424
394   720
395   317
395   7
395   70
395   553
632   411
632   1053
632   935
59   1059
59   139
59   191
59   1057
59   33
757   756
757   358
757   995
60   795
60   656
60   1171
60   104
60   729
935   899
935   1147
935   76
935   547
935   632
61   356
61   229
61   79
1185   271
1185   334
1185   920
283   363
360   1217
360   256
360   865
654   562
654   465
654   14
716   150
716   824
716   604
716   729
716   788
1000   1038
1000   570
1000   984
1002   48
356   61
356   1015
356   1021
356   596
356   1098
356   738
356   211
62   62
62   855
62   1202
70   141
70   470
70   328
70   320
70   395
70   560
70   1148
88   1169
88   263
88   300
303   75
303   571
303   1005
423   64
423   1118
423   314
666   308
666   1103
666   249
666   248
666   855
708   680
708   79
708   194
708   460
64   423
64   635
64   611
64   346
126   658
126   1016
126   636
126   685
126   724
126   491
126   999
126   8
1051   621
65   66
65   501
65   743
65   585
665   485
665   709
667   988
89   537
89   657
89   662
89   267
141   70
542   320
542   212
542   87
542   726
542   441
542   992
542   1095
542   1110
542   630
542   1003
575   983
575   955
575   520
575   19
67   113
67   906
67   657
118   104
118   117
118   483
118   53
118   407
118   563
118   1169
424   394
72   73
72   110
72   479
72   1056
72   693
72   992
72   985
73   72
73   74
73   78
73   186
73   877
73   544
73   195
568   278
568   606
568   755
568   932
568   404
568   219
568   992
568   1102
581   811
581   1138
581   602
581   941
112   562
112   872
111   269
111   621
111   310
111   809
111   748
115   363
115   651
115   1174
509   1081
509   576
509   119
509   509
675   1150
675   1116
676   792
676   23
676   691
676   419
552   336
552   624
552   1129
552   1119
552   1125
86   320
86   1204
86   593
86   439
86   954
86   877
87   1164
87   489
87   244
87   542
173   813
173   1129
173   362
212   216
212   542
212   999
220   1013
220   748
220   920
220   565
254   68
254   571
254   1134
254   463
190   618
190   822
190   1155
190   1031
788   6
788   230
788   716
788   697
789   865
789   205
789   620
711   136
711   867
711   19
814   1179
814   921
814   429
1059   5
1059   59
1059   339
1149   68
1149   1211
1149   229
1149   842
1149   331
1149   695
1149   408
1196   867
1196   947
1196   566
815   427
815   777
815   224
815   893
815   90
815   588
133   1127
133   920
133   19
133   140
133   172
133   243
133   294
1215   75
1215   751
1215   144
1215   679
1215   359
1215   1123
1215   543
147   305
147   1062
149   69
71   985
71   1084
71   1024
71   200
71   154
663   662
663   491
663   327
663   887
142   646
142   538
493   388
493   40
493   515
493   350
493   925
493   874
493   812
479   72
479   309
479   947
201   95
201   200
201   596
808   619
808   481
808   918
146   537
146   1147
146   1208
146   383
146   505
146   168
74   73
74   331
74   1046
74   1216
74   921
154   825
154   1014
154   548
154   1018
154   71
186   73
186   617
186   341
186   710
186   1221
526   384
526   937
526   429
526   858
525   838
489   295
489   555
489   87
489   33
489   886
489   929
489   723
489   611
844   481
844   250
844   421
844   623
844   1133
844   1105
845   712
845   798
845   293
845   446
845   22
595   273
595   413
595   965
656   1144
656   60
656   264
656   27
80   38
80   1200
183   518
183   43
183   753
183   364
553   395
573   672
573   50
573   415
573   562
617   186
617   454
617   984
617   442
617   817
617   1053
617   9
538   109
538   266
538   539
538   629
538   291
538   142
538   134
538   1173
538   1099
105   168
105   842
105   932
105   53
105   646
105   137
278   1138
278   859
278   568
278   281
281   438
281   1084
281   278
287   120
287   484
287   724
287   521
287   357
687   400
687   451
687   523
689   200
689   840
689   533
106   125
106   282
106   902
106   265
106   69
106   1107
106   768
106   469
106   1003
106   1119
301   549
301   974
301   330
301   455
422   582
422   713
422   199
104   118
104   921
104   172
104   848
104   60
671   881
671   8
320   86
320   312
320   542
320   357
320   70
320   122
320   1040
320   589
396   787
396   811
396   799
205   789
848   312
848   1025
848   903
848   104
977   936
977   699
977   653
982   515
982   109
982   470
982   1111
1017   340
1017   771
1017   416
323   187
323   1211
323   450
1116   675
1116   522
1116   777
1116   694
1116   606
97   427
97   494
140   1019
140   99
140   168
140   133
140   250
90   91
90   334
90   527
90   815
90   681
90   559
100   134
100   107
100   249
100   672
100   1056
100   583
100   145
193   541
298   855
298   348
431   1201
431   749
431   194
427   97
427   134
427   706
427   815
427   1008
427   1214
427   555
121   658
121   635
121   629
121   436
121   941
655   19
658   121
658   126
658   1102
658   802
658   1165
662   89
662   663
267   89
267   162
267   769
267   483
162   267
162   188
162   998
162   138
840   249
840   689
840   328
840   537
840   1131
840   783
432   942
432   388
483   118
483   267
483   1057
92   131
92   78
138   506
138   251
138   604
138   162
139   567
139   911
139   735
139   85
139   59
139   677
569   669
701   710
701   897
701   48
701   253
701   258
99   1009
99   488
99   140
99   609
99   967
99   638
502   1008
502   826
502   302
277   747
277   1072
277   77
277   869
428   204
428   203
428   151
107   100
107   268
732   851
732   436
732   1158
200   201
200   689
200   761
200   495
200   170
200   71
816   805
816   981
1019   140
164   880
164   437
181   540
181   52
181   1171
181   933
181   642
181   911
181   829
181   505
169   240
169   534
169   1202
169   184
169   91
129   394
129   103
129   683
129   820
129   933
378   635
378   245
570   113
570   11
570   741
570   312
570   1000
728   195
729   1084
729   434
729   134
729   716
729   980
729   60
729   348
729   524
729   631
842   105
842   34
842   1149
842   983
842   955
842   626
842   21
932   105
932   517
932   568
932   75
932   838
932   741
932   588
932   1173
571   1101
571   254
571   329
571   303
700   211
700   1218
700   659
170   109
170   200
170   478
170   894
170   1049
202   924
202   19
202   754
202   102
202   103
202   1171
411   449
411   632
411   604
579   109
579   1106
579   297
684   13
684   519
684   113
1117   583
1130   1034
1130   748
131   92
131   1144
143   995
143   481
194   708
194   1005
194   431
300   339
300   1054
300   88
536   1210
536   363
556   12
556   451
556   333
430   1163
430   819
430   15
302   1169
302   361
302   502
302   125
117   118
117   539
1122   1214
1122   499
1122   29
1005   890
1005   194
1005   366
1005   303
1005   236
1005   1089
1005   614
736   135
474   358
474   354
123   284
123   838
123   849
123   778
123   959
559   163
559   767
559   517
559   340
559   777
559   90
690   335
690   621
784   122
784   724
467   469
467   481
991   947
991   1144
1014   154
274   783
274   838
274   1152
274   1106
274   522
682   377
682   801
673   1100
673   1205
673   582
130   153
512   834
512   678
512   508
512   373
511   791
511   527
511   347
511   968
511   1060
511   829
707   16
707   644
707   246
707   76
707   1217
268   107
268   558
268   686
268   909
268   68
598   1182
598   727
598   738
598   979
856   19
856   877
856   1123
857   909
857   743
857   650
857   906
1007   175
1007   159
1007   759
627   276
1106   135
1106   640
1106   692
1106   579
1106   463
1106   274
968   135
968   148
968   709
968   623
968   615
968   511
968   1024
968   364
1226   878
1226   668
1226   53
1226   596
1226   461
1226   942
1226   16
1226   168
1226   1042
678   387
678   1060
678   512
678   854
678   1023
466   418
466   419
466   861
504   236
504   228
518   183
518   753
518   539
518   224
518   902
518   718
660   873
660   1144
660   165
660   1036
660   1011
660   313
398   399
398   304
398   116
398   211
398   735
1015   356
1015   171
1015   594
1015   331
1015   855
1015   230
702   703
702   640
702   527
702   1010
826   502
826   541
826   261
550   15
550   787
550   1166
550   765
550   172
1134   178
1134   254
155   589
155   793
155   1011
562   654
562   112
562   573
825   827
825   154
825   746
827   825
827   651
827   330
827   459
823   744
823   902
823   481
823   262
823   1126
823   697
823   313
642   625
642   584
642   1039
642   181
642   444
480   858
480   623
480   148
498   773
498   192
498   1085
498   1205
498   1055
978   782
978   651
978   1004
801   1200
801   682
801   752
166   1092
790   577
790   674
790   1033
791   511
791   1125
820   821
820   541
820   1199
820   256
820   129
1093   157
1093   722
1093   1201
1119   168
1119   379
1119   552
1119   106
507   513
507   806
507   979
159   324
159   1007
159   1054
159   16
365   343
365   372
365   940
365   19
365   634
1123   952
1123   367
1123   856
1123   1215
294   738
294   563
294   898
294   27
294   98
294   1198
294   133
782   978
782   439
782   927
782   999
782   762
782   908
782   838
783   208
783   911
783   1133
783   487
783   342
783   274
783   578
783   79
783   840
821   820
821   241
821   942
1092   453
1092   166
1092   50
1092   210
187   792
187   323
187   1115
187   830
377   589
377   682
377   481
377   1212
377   1194
174   1038
174   616
174   960
813   173
813   351
813   775
1129   173
1129   35
1129   352
1129   552
1129   63
986   755
175   628
175   1007
175   316
602   1074
602   438
602   1068
602   1061
602   581
1067   1069
1125   791
1125   552
179   324
179   447
600   322
600   501
600   337
600   691
600   775
628   175
628   941
942   1223
942   81
942   1226
942   432
942   652
942   405
942   821
177   459
460   910
460   1121
460   708
460   91
460   19
460   620
460   403
460   333
800   739
800   922
800   1086
800   295
178   1134
178   1077
178   34
178   1159
324   179
324   159
324   1135
324   359
324   1010
324   781
324   939
510   1147
510   534
603   887
603   843
603   45
603   649
960   174
960   322
960   1141
196   837
196   312
196   546
635   64
635   1090
635   39
635   378
635   121
635   286
635   544
961   1025
961   601
961   376
961   442
1094   443
1094   546
1094   9
1094   503
1115   187
1115   1058
1115   15
1115   766
1115   1036
1120   583
1121   460
1121   561
1121   863
1121   354
210   251
210   874
210   1092
1096   421
1096   875
1096   32
1096   161
1097   1098
1097   1083
197   582
198   544
198   996
199   285
199   1103
199   407
199   422
336   337
336   862
336   552
336   1197
312   314
312   342
312   320
312   648
312   976
312   848
312   889
312   965
312   570
312   196
312   264
340   339
340   1017
340   367
340   559
340   24
623   999
623   240
623   968
623   1076
623   480
623   844
496   1062
496   1006
494   860
494   97
494   637
494   685
494   717
494   640
494   944
494   847
497   1165
497   306
805   806
805   816
805   725
805   93
805   441
805   594
203   318
203   1202
203   1161
203   428
203   1199
204   63
204   428
204   819
204   772
204   668
204   762
204   245
204   1135
318   203
318   1173
1023   1018
1023   678
206   910
207   1006
207   1153
207   1182
207   1079
207   1175
207   927
209   1032
209   385
209   769
527   702
527   261
527   12
527   511
527   90
527   110
527   1173
527   1170
527   599
405   1080
405   942
405   37
1011   1095
1011   660
1011   155
1011   753
1048   1108
1048   114
781   128
781   425
781   717
781   324
461   495
461   1226
866   345
866   972
866   998
866   939
941   628
941   1054
941   52
941   581
941   121
362   930
362   1112
362   710
362   331
362   1190
362   173
958   444
958   878
958   875
958   834
958   400
211   416
211   415
211   398
211   700
211   356
213   440
213   775
213   1024
213   481
213   1224
213   959
213   1021
216   212
216   795
216   414
749   1207
749   431
749   279
751   1215
751   17
752   1184
752   801
752   223
752   638
753   183
753   518
753   145
753   1148
753   311
753   644
753   1011
754   288
754   202
754   750
754   1038
754   651
754   735
594   471
594   1015
594   805
763   347
763   286
766   1195
766   1115
766   132
766   864
766   243
766   1199
766   358
767   559
767   869
772   637
772   930
772   806
772   204
774   565
774   981
774   647
774   882
777   334
777   815
777   1116
777   607
777   458
777   559
777   127
221   8
214   224
214   63
223   745
223   752
225   226
225   257
225   145
229   1149
229   61
229   1035
229   414
229   520
238   239
238   258
238   1098
240   169
240   623
240   692
440   213
440   218
440   806
440   393
259   1035
259   945
217   737
217   1207
217   530
217   741
217   30
742   776
742   1031
742   592
770   255
770   1091
775   213
775   733
775   748
775   738
775   669
775   951
775   813
775   600
215   101
215   1183
215   1065
445   116
445   633
239   238
239   1126
239   451
244   450
244   638
244   447
244   1110
244   87
224   214
224   442
224   443
224   337
224   34
224   518
224   815
224   873
258   238
258   450
258   449
258   626
258   1038
258   701
258   698
1035   259
1035   229
1035   989
1038   174
1038   158
1038   258
1038   1000
1038   754
439   237
439   782
439   614
439   86
439   693
1033   1191
1033   790
1033   712
255   770
255   368
218   219
218   440
218   54
253   421
253   486
253   116
253   701
253   585
219   218
219   870
219   1045
219   568
222   1171
249   892
249   840
249   100
249   172
249   666
249   1098
249   334
250   844
250   34
250   368
250   140
256   820
256   693
256   1008
256   1034
256   360
256   926
437   884
437   650
437   164
441   542
441   805
441   987
745   223
745   98
745   1136
745   390
745   313
745   902
746   919
746   825
746   837
746   1161
261   260
261   527
261   616
261   826
1055   697
1055   498
252   1041
252   733
252   747
252   938
252   1164
1062   496
1062   147
260   261
260   965
260   979
452   516
452   865
452   904
776   742
776   871
776   383
251   818
251   276
251   860
251   138
251   210
251   737
952   1123
952   401
952   936
953   306
953   46
1006   207
1006   453
1006   330
1006   496
1006   974
1006   383
1061   236
1061   1154
1061   78
1061   604
1061   602
872   148
872   415
872   870
872   112
872   1110
872   992
741   938
741   217
741   570
741   158
741   932
741   157
442   224
442   961
442   617
442   1209
443   224
443   271
443   478
443   1094
443   114
446   681
446   364
446   679
446   32
446   845
1043   116
1056   72
1056   100
226   225
226   227
226   1216
226   756
227   226
227   696
227   778
228   406
228   504
233   96
233   870
233   349
243   796
243   1126
243   766
243   133
243   868
243   743
245   125
245   204
245   378
248   666
248   456
248   1152
447   244
447   179
447   691
447   874
447   999
447   1024
447   779
447   184
230   231
230   400
230   788
230   740
230   369
230   1015
231   230
231   451
231   1079
231   1105
231   797
750   748
750   924
750   754
1054   638
1054   947
1054   941
1054   108
1054   159
1054   855
1054   300
232   1025
232   1144
232   304
451   231
451   1003
451   239
451   915
451   687
451   556
453   1092
453   1006
453   327
890   1005
890   560
890   1087
890   390
890   1085
890   613
235   450
235   785
235   368
236   1061
236   629
236   504
236   1005
236   304
241   821
241   125
241   804
748   750
748   220
748   775
748   554
748   111
748   1130
237   439
591   1073
591   799
591   792
1029   547
450   244
450   258
450   1041
450   478
450   235
450   1127
450   323
242   128
246   707
246   894
247   1143
247   1045
257   475
257   225
930   362
930   772
438   824
438   602
438   281
438   273
438   189
444   958
444   642
444   979
762   468
762   782
762   22
762   75
762   1065
762   204
762   1220
936   794
936   952
936   977
936   1175
1040   320
1040   286
1041   252
1041   450
1041   352
1041   492
1041   904
1063   810
1063   909
1063   838
1063   806
1057   59
1057   482
1057   13
1057   483
1032   189
1032   209
1032   901
1032   1140
1034   1130
1034   256
1034   833
1034   624
1037   993
1037   922
449   258
449   411
449   1191
738   294
738   598
738   775
738   356
743   744
743   883
743   65
743   867
743   857
743   191
743   988
743   243
755   417
755   369
755   986
755   568
755   520
755   972
755   920
262   794
262   823
262   295
265   939
265   882
265   771
265   106
265   947
265   478
734   263
734   75
734   994
724   287
724   768
724   126
724   327
724   784
578   266
578   1225
578   1141
578   540
578   783
269   111
269   433
269   95
269   500
269   47
279   698
279   555
279   749
279   564
279   911
505   661
505   401
505   146
505   181
607   188
607   777
607   1086
607   610
608   719
608   397
282   106
567   563
567   371
567   139
567   927
567   830
484   287
484   1135
484   1132
521   641
521   287
636   647
636   126
636   1200
636   330
693   291
693   72
693   256
693   773
693   439
668   530
668   563
668   1226
668   541
668   383
668   204
668   646
679   644
679   446
679   1010
679   1215
839   564
839   1186
683   1148
683   129
683   36
490   125
490   20
304   398
304   232
304   236
305   147
902   871
902   823
902   106
902   176
902   518
902   745
903   848
306   953
306   1140
306   899
306   739
306   576
306   497
306   292
306   802
306   429
459   177
459   22
459   933
459   827
957   308
957   630
1139   393
1139   399
1139   630
1139   434
1139   822
1139   926
1139   975
1140   306
1140   1141
1140   1032
1143   247
1143   373
393   311
393   1139
393   672
393   440
456   455
456   927
456   248
456   273
899   306
899   900
899   935
899   1182
739   306
739   800
739   293
739   644
739   316
1145   897
1209   882
1209   812
1209   465
1209   442
308   314
308   963
308   666
308   957
308   980
308   109
308   6
314   308
314   312
314   315
314   333
314   385
314   457
314   423
963   308
963   917
963   1072
963   116
963   539
963   352
963   685
387   678
387   401
387   350
387   1213
387   53
692   967
692   1103
692   240
692   1106
692   1174
964   361
964   651
401   387
401   629
401   952
401   1187
401   621
401   505
967   692
967   38
967   99
868   1151
868   720
868   243
309   479
309   956
310   629
310   1182
310   111
310   1189
311   393
311   402
311   771
311   372
311   1070
311   819
311   753
311   973
629   310
629   401
629   538
629   1156
629   236
629   121
629   1182
392   333
392   369
392   858
392   285
392   110
620   192
620   460
620   715
620   789
926   256
926   1139
926   652
391   1155
391   7
1218   997
1218   700
1218   773
313   77
313   916
313   745
313   660
313   823
329   128
329   571
329   758
342   312
342   783
342   976
342   672
350   1073
350   493
350   387
383   63
383   1009
383   146
383   668
383   1006
383   776
385   314
385   209
385   945
390   971
390   745
390   890
343   365
343   403
343   1066
407   118
407   653
407   199
413   371
413   595
413   560
532   773
532   29
532   951
532   1076
533   402
533   689
533   1170
599   527
599   797
648   312
648   27
648   1147
648   93
650   857
650   437
651   1053
651   827
651   978
651   115
651   1020
651   1101
651   24
651   754
651   964
697   1050
697   1055
697   94
697   928
697   788
697   823
699   124
699   977
699   339
851   732
851   709
647   636
647   975
647   1205
647   774
647   706
976   312
976   342
976   771
976   565
976   519
345   397
345   364
345   866
1088   973
1110   52
1110   244
1110   709
1110   872
1110   542
1110   463
1111   1109
1111   321
1111   982
1112   1109
1112   362
1112   630
1112   539
1107   973
1107   718
1107   291
1107   106
1107   1105
315   314
315   878
333   314
333   392
333   381
333   556
333   460
386   863
386   1206
386   327
386   1091
397   345
397   1028
397   924
397   1154
397   1077
397   608
606   937
606   1205
606   895
606   568
606   1116
316   175
316   1012
316   739
327   1144
327   453
327   1010
327   386
327   724
327   901
327   663
615   604
615   968
403   343
403   925
403   460
865   852
865   971
865   789
865   338
865   452
865   765
865   360
864   766
864   726
864   545
1175   936
1175   796
1175   207
1175   1217
317   472
317   75
317   395
317   57
317   158
317   869
317   1181
472   317
319   1214
319   731
319   416
604   361
604   615
604   646
604   716
604   138
604   1061
604   411
994   1109
994   734
346   64
346   163
1024   213
1024   1144
1024   592
1024   334
1024   71
1024   807
1024   968
1024   1223
1024   447
1027   1137
322   600
322   373
322   960
338   865
1018   1023
1018   1045
1018   154
1101   571
1101   717
1101   651
1102   103
1102   1212
1102   658
1102   568
325   144
325   1127
325   1076
980   729
980   308
596   1226
596   356
596   974
596   1084
596   201
596   66
328   70
328   840
328   1156
328   1118
328   358
328   939
328   34
1173   1172
1173   477
1173   318
1173   538
1173   527
1173   954
1173   932
1084   729
1084   596
1084   71
1084   519
1084   956
1084   281
348   349
348   618
348   189
348   463
348   298
348   729
348   785
348   1160
330   827
330   974
330   636
330   1006
330   301
331   74
331   263
331   1015
331   1149
331   362
331   1049
352   1171
352   1041
352   1129
352   963
353   52
353   1031
353   363
332   1184
361   604
361   1075
361   302
361   1009
361   925
361   964
361   881
1160   1159
1160   950
1160   355
1160   295
1160   348
1160   686
1160   540
334   335
334   777
334   1180
334   90
334   1024
334   276
334   1185
334   249
367   1123
367   340
367   416
618   348
618   190
618   180
618   1153
618   25
369   335
369   392
369   755
369   230
369   1220
381   333
381   515
1222   985
335   334
335   369
335   690
335   1179
335   661
380   299
1142   803
1142   372
1142   1132
1142   156
1202   203
1202   169
1202   877
1202   62
337   336
337   1083
337   224
337   600
337   78
337   694
1083   337
1083   160
1083   1097
1083   1171
1083   273
1083   852
1083   850
339   340
339   1068
339   192
339   646
339   1059
339   300
339   919
339   699
409   1068
409   152
1016   126
981   816
981   25
981   744
981   464
981   1104
981   774
981   998
408   1020
408   625
408   1149
344   854
344   464
344   1220
344   37
344   560
344   501
357   320
357   287
372   373
372   365
372   311
372   45
372   1142
374   375
374   855
374   515
374   1220
374   1165
374   583
374   704
404   616
404   14
404   568
404   78
990   341
990   21
990   520
990   674
990   1045
347   1009
347   685
347   624
347   511
347   804
347   763
379   1119
379   530
379   402
379   610
995   143
995   983
995   757
471   594
471   758
471   715
471   358
349   348
349   233
351   1188
351   394
351   1127
351   758
351   813
1073   350
1073   591
1073   916
1073   719
354   355
354   371
354   861
354   94
354   1128
354   474
354   1121
624   347
624   768
624   552
624   1034
624   16
355   354
355   1160
355   1164
355   82
371   354
371   567
371   413
371   975
371   672
997   901
997   1218
997   892
1105   231
1105   531
1105   49
1105   1107
1105   897
1105   844
358   474
358   20
358   471
358   757
358   843
358   328
358   192
358   1079
358   766
359   1215
359   324
359   645
475   257
475   944
892   249
892   997
893   768
893   815
893   737
891   858
891   1109
891   44
625   940
625   642
625   375
625   631
625   408
971   865
971   390
1022   992
929   416
929   489
929   985
929   641
1075   361
1075   1189
1075   1135
363   794
363   115
363   353
363   536
363   1220
363   283
659   883
659   132
659   66
659   700
670   1021
670   148
670   778
364   345
364   446
364   125
364   709
364   183
364   968
364   565
366   1005
621   1127
621   1188
621   690
621   111
621   401
621   1051
368   85
368   255
368   250
368   235
419   676
419   466
370   1080
1194   817
1194   955
1194   744
1194   377
1100   673
373   372
373   322
373   1143
373   512
1004   1003
1004   978
1004   420
1199   820
1199   900
1199   203
1199   167
1199   766
1199   1211
375   374
375   376
375   625
375   1208
375   42
375   1206
376   375
376   488
376   961
376   168
619   808
619   740
382   947
382   806
382   425
517   932
517   843
517   559
681   446
681   55
681   90
946   785
400   230
400   649
400   687
400   958
894   530
894   246
894   170
965   985
965   312
965   260
965   1070
965   1201
965   595
1020   408
1020   601
1020   651
1020   610
1108   1048
388   493
388   910
388   432
388   116
677   139
406   228
406   875
1072   963
1072   277
389   773
389   612
520   990
520   812
520   575
520   755
520   229
520   1212
773   389
773   532
773   498
773   693
773   1218
1012   1076
1012   1082
1012   316
669   577
669   569
669   416
669   775
669   794
669   1095
1211   1149
1211   323
1211   297
1211   1199
1212   1102
1212   377
1212   520
950   1160
950   1104
633   445
633   270
633   543
402   311
402   1137
402   533
402   1076
402   379
402   103
622   686
622   180
1028   397
1028   1126
1028   931
1085   1086
1085   1186
1085   498
1085   731
1085   85
1085   18
1085   890
399   398
399   1139
399   859
399   943
399   904
709   1074
709   968
709   938
709   851
709   1110
709   364
709   665
639   38
1068   339
1068   478
1068   973
1068   602
1068   409
1074   602
1074   709
1074   1186
1074   45
1074   1066
1080   405
1080   797
1080   370
1210   536
1210   688
1210   945
966   584
966   35
989   416
989   616
989   1152
989   1035
989   1087
646   604
646   142
646   339
646   105
646   668
1081   1082
1081   888
1081   509
1081   988
1081   189
645   644
645   1098
645   359
645   524
645   863
645   1042
641   521
641   38
641   929
1046   74
1046   34
1046   180
686   622
686   268
686   1160
1104   981
1104   950
410   1008
410   974
410   519
410   1220
1103   692
1103   666
1103   810
1103   95
1103   199
806   507
806   805
806   102
806   1164
806   772
806   1058
806   440
806   34
806   1063
806   382
806   501
503   896
503   1094
503   286
414   14
414   216
414   229
414   455
415   872
415   211
415   1138
415   573
416   989
416   929
416   812
416   211
416   669
416   319
416   1164
416   367
416   1017
417   418
417   755
417   759
417   727
417   470
418   417
418   694
418   466
1132   484
1132   1142
1132   761
433   1219
433   951
433   269
706   427
706   36
706   726
706   694
706   647
455   456
455   414
455   54
455   301
653   454
653   1137
653   698
653   407
653   977
653   1201
457   458
457   13
457   314
457   1188
761   925
761   200
761   1132
458   457
458   810
458   777
583   1117
583   100
583   1120
583   951
583   1192
583   374
993   720
993   180
993   1037
1118   423
1118   587
1118   1181
1118   853
1118   328
1118   321
462   759
462   1036
463   348
463   1106
463   299
463   1110
463   254
758   471
758   351
758   329
759   462
759   760
759   417
759   1007
759   852
464   465
464   719
464   344
464   981
465   464
465   847
465   435
465   654
465   1209
779   778
779   447
847   465
847   27
847   494
847   263
1114   576
1114   908
1114   481
519   79
519   943
519   499
519   684
519   1084
519   410
519   976
549   802
549   301
549   1176
468   740
468   762
468   12
468   879
468   495
468   485
469   467
469   798
469   862
469   501
469   106
481   467
481   844
481   808
481   882
481   377
481   143
481   823
481   213
481   434
481   1114
481   27
524   987
524   729
524   645
534   169
534   510
534   1031
740   468
740   919
740   230
740   768
740   619
987   524
987   441
1071   1091
917   963
917   540
614   264
614   439
614   1005
478   450
478   1068
478   443
478   593
478   84
478   170
478   265
478   939
561   1121
1126   15
1126   769
1126   555
1126   239
1126   1028
1126   1216
1126   243
1126   823
485   665
485   468
486   947
486   1152
486   253
486   1161
486   956
947   486
947   991
947   1054
947   479
947   265
947   1196
947   1179
947   1124
947   382
798   802
798   910
798   156
798   469
798   845
979   260
979   598
979   507
979   444
979   84
979   1098
499   1122
499   176
499   519
499   44
500   506
500   861
500   637
500   1193
500   269
811   581
811   819
811   396
501   65
501   600
501   10
501   1151
501   469
501   344
501   806
506   500
506   138
506   1031
812   769
812   416
812   1209
812   91
812   520
812   165
812   493
817   1194
817   285
817   617
508   931
508   32
508   512
513   507
513   1157
513   962
818   251
818   1124
514   544
515   493
515   982
515   381
515   374
516   452
516   1013
522   1116
522   274
943   519
943   399
943   887
943   933
944   494
944   949
944   475
1008   410
1008   427
1008   502
1008   256
1008   1193
1204   948
1204   1021
1204   86
1204   795
1204   53
523   1165
523   1183
523   384
523   687
523   878
1026   1025
1026   2
1026   7
1026   52
1148   683
1148   753
1148   531
1148   70
1152   486
1152   184
1152   274
1152   989
1152   248
1161   151
1161   203
1161   486
1161   746
1165   523
1165   497
1165   374
1165   658
1009   1174
1009   347
1009   99
1009   383
1009   361
1009   563
1176   495
1176   549
1183   523
1183   215
1183   293
1190   362
1190   1195
1190   101
1025   848
1025   1026
1025   961
1025   232
1025   144
1025   477
1200   801
1200   636
1200   80
1200   321
1205   673
1205   606
1205   647
1205   1141
1205   498
531   1105
531   1148
539   538
539   117
539   518
539   1166
539   963
539   1112
540   181
540   578
540   917
540   1160
541   1189
541   820
541   193
541   771
541   826
541   668
541   612
543   1215
543   633
545   849
545   860
545   855
545   864
558   544
558   747
558   268
558   1181
546   84
546   1094
546   196
547   35
547   1029
547   935
557   835
564   279
564   839
565   21
565   774
565   976
565   364
565   220
565   908
576   1114
576   306
576   509
580   948
580   652
584   642
584   966
584   592
585   586
585   65
585   253
585   1086
586   585
586   959
586   157
587   588
587   1118
587   266
587   998
592   1024
592   584
592   742
588   587
588   932
588   815
589   155
589   144
589   377
589   1164
589   760
589   320
590   555
593   478
593   86
1060   678
1060   511
688   992
688   1210
688   785
688   803
601   962
601   961
601   1020
609   804
609   99
609   39
640   702
640   1106
640   494
640   1214
649   400
649   266
649   603
694   412
694   706
694   1116
694   418
694   337
973   1107
973   1068
973   1088
973   725
973   311
1158   732
719   464
719   160
719   1073
719   608
937   606
937   1225
937   526
937   955
937   110
610   1186
610   607
610   379
610   1020
611   64
611   796
611   810
611   489
611   869
612   389
612   541
612   889
613   168
613   890
849   545
849   123
850   1083
850   54
1045   616
1045   1018
1045   247
1045   219
1045   1090
1045   26
1045   990
1066   1066
1066   343
1066   1074
838   123
838   274
838   1063
838   1036
838   932
838   782
838   525
626   1076
626   258
626   291
626   548
626   842
939   907
939   265
939   1010
939   478
939   866
939   328
939   324
940   625
940   889
940   365
940   103
940   102
630   1139
630   957
630   542
630   1112
631   765
631   291
631   715
631   625
631   185
631   729
934   1219
634   365
637   772
637   494
637   500
637   1159
637   1003
637   882
637   272
780   882
780   898
860   494
860   251
860   545
638   1054
638   244
638   752
638   99
643   875
644   645
644   566
644   679
644   707
644   487
644   753
644   739
644   712
975   647
975   1003
975   992
975   371
975   1139
652   942
652   580
652   926
852   865
852   698
852   33
852   572
852   759
852   1083
852   793
882   794
882   265
882   1209
882   780
882   481
882   637
882   774
883   659
883   743
883   473
883   1127
661   855
661   505
661   335
760   759
760   37
760   768
760   589
760   938
873   660
873   912
873   224
878   877
878   1226
878   958
878   151
878   315
878   523
879   468
879   384
1144   660
1144   327
1144   1024
1144   131
1144   656
1144   991
1144   167
1144   232
674   990
674   790
704   792
704   723
704   974
704   374
717   494
717   1101
717   781
949   795
949   944
680   708
680   1192
691   676
691   447
691   600
691   915
996   974
996   198
1001   477
1001   747
1050   697
695   1003
695   1149
696   227
696   7
698   195
698   852
698   279
698   653
698   258
703   702
703   799
714   296
714   153
714   116
718   1107
718   477
718   518
720   993
720   868
720   321
720   836
720   394
722   1093
962   601
962   513
962   26
723   704
723   489
723   685
725   805
725   973
726   706
726   870
726   1180
726   836
726   542
726   864
727   598
727   828
727   988
727   1113
727   417
974   970
974   596
974   410
974   330
974   301
974   704
974   996
974   1006
881   671
881   361
951   532
951   433
951   583
951   775
951   110
1213   387
1213   1180
955   954
955   956
955   575
955   842
955   1194
955   1137
955   937
744   743
744   823
744   1171
744   981
744   841
744   1194
744   1221
744   9
747   252
747   277
747   558
747   1001
756   757
756   794
756   555
756   226
889   940
889   312
889   50
889   612
915   451
915   691
764   765
764   854
764   572
768   724
768   893
768   624
768   760
768   106
768   740
768   39
765   764
765   631
765   685
765   550
765   865
1058   1115
1058   806
769   812
769   1126
769   877
769   209
769   267
769   1124
769   26
769   1069
771   311
771   265
771   541
771   976
771   125
771   1017
778   779
778   123
778   807
778   227
778   670
927   782
927   456
927   567
927   207
834   512
834   958
1082   1081
1082   948
1082   912
1082   1012
1133   783
1133   844
1127   792
1127   621
1127   133
1127   436
1127   450
1127   351
1127   321
1127   325
1127   883
795   796
795   60
795   216
795   949
795   1204
796   795
796   46
796   611
796   1175
796   243
803   804
803   1142
803   688
804   803
804   609
804   347
804   241
819   811
819   204
819   430
819   58
819   311
831   1021
831   122
1053   651
1053   912
1053   632
1053   617
1124   818
1124   769
1124   947
833   1034
835   557
835   82
835   888
836   726
836   122
836   720
846   429
1207   217
1207   749
1207   911
1208   375
1208   146
1208   132
861   354
861   500
861   466
858   859
858   891
858   392
858   1170
858   165
858   480
858   526
876   157
880   164
880   945
880   271
854   344
854   764
854   678
870   871
870   76
870   872
870   726
870   219
870   233
855   374
855   661
855   1015
855   1054
855   298
855   62
855   666
855   545
1178   537
1179   1042
1179   11
1179   814
1179   335
1179   1044
1179   947
1179   837
859   858
859   278
859   399
859   1113
859   110
859   931
938   830
938   741
938   709
938   1039
938   252
938   760
862   336
862   469
862   49
863   386
863   1091
863   1121
863   645
867   1196
867   292
867   743
867   711
931   787
931   508
931   1031
931   1028
931   859
869   317
869   134
869   277
869   767
869   611
1003   1004
1003   695
1003   975
1003   10
1003   451
1003   637
1003   106
1003   542
1069   885
1069   1067
1069   769
1070   311
1070   965
1150   675
1151   868
1151   501
1223   942
1223   1024
1223   76
871   870
871   902
871   1099
871   1219
871   776
871   116
888   972
888   1081
888   835
888   1156
901   997
901   1032
901   327
874   8
874   48
874   447
874   493
874   210
912   873
912   1053
912   1087
912   1089
912   1082
875   685
875   1096
875   958
875   406
875   643
875   167
877   878
877   769
877   856
877   63
877   73
877   1202
877   86
885   81
885   1069
885   284
886   489
887   603
887   435
887   943
887   663
988   76
988   667
988   1081
988   1174
988   727
988   743
1128   286
1128   354
1128   157
897   191
897   1145
897   701
897   1105
900   899
900   454
900   1199
900   992
954   955
954   1173
954   86
909   857
909   1063
909   1169
909   268
1169   302
1169   96
1169   88
1169   843
1169   909
1169   118
907   939
1157   513
1141   1140
1141   959
1141   578
1141   1205
1141   960
908   76
908   782
908   1114
908   565
913   101
914   160
916   13
916   1073
916   313
916   1224
918   919
918   808
918   895
921   922
921   1095
921   104
921   132
921   814
921   74
919   918
919   746
919   740
919   285
919   171
919   339
920   133
920   220
920   1185
920   755
1188   351
1188   621
1188   530
1188   457
922   921
922   800
922   1037
924   202
924   397
924   750
924   1189
925   761
925   1099
925   493
925   403
925   361
925   192
925   1042
925   191
928   273
928   697
1225   937
1225   578
1225   44
1225   1155
1225   841
1225   828
945   880
945   1210
945   259
945   385
1201   431
1201   1093
1201   965
1201   653
1217   360
1217   707
1217   1175
956   955
956   420
956   1084
956   309
956   486
959   1141
959   586
959   477
959   213
959   123
999   18
999   623
999   782
999   447
999   126
999   212
1221   186
1221   13
1221   744
985   965
985   896
985   1222
985   71
985   53
985   929
985   72
1049   53
1049   331
1049   170
972   888
972   866
972   755
1138   278
1138   167
1138   581
1138   415
983   575
983   842
983   995
998   866
998   162
998   587
998   981
1010   127
1010   327
1010   702
1010   939
1010   679
1010   324
1170   1216
1170   17
1170   858
1170   136
1170   533
1170   527
1174   1009
1174   988
1174   692
1174   115
1021   670
1021   356
1021   831
1021   828
1021   1204
1021   213
1031   506
1031   742
1031   353
1031   931
1031   534
1031   98
1031   190
1036   125
1036   660
1036   462
1036   58
1036   1115
1036   838
1039   535
1039   938
1039   642
1044   1179
1042   1179
1042   136
1042   1226
1042   925
1042   645
1065   762
1065   215
1077   103
1077   397
1077   178
1086   1085
1086   800
1086   607
1086   585
1099   871
1099   925
1099   538
1087   125
1087   912
1087   890
1087   989
1098   1097
1098   1013
1098   238
1098   356
1098   645
1098   249
1098   979
1219   672
1219   433
1219   871
1219   934
1219   1153
1219   992
1224   916
1224   213
1109   1111
1109   1112
1109   994
1109   891
1113   859
1113   1186
1113   727
1131   685
1131   840
1131   572
1131   208
1135   484
1135   324
1135   1075
1135   204
1136   745
1136   491
1137   715
1137   653
1137   402
1137   955
1137   970
1137   1027
1186   1085
1186   610
1186   1074
1186   1113
1186   839
1146   297
1147   510
1147   935
1147   648
1147   146
1147   733
1195   766
1195   1190
1153   207
1153   1219
1153   618
1153   326
1154   1061
1154   397
1155   391
1155   1225
1155   94
1155   190
1156   629
1156   328
1156   888
1159   1160
1159   17
1159   637
1159   178
1162   125
1162   156
1162   837
1163   828
1163   735
1163   430
1163   837
1164   31
1164   87
1164   806
1164   589
1164   355
1164   416
1164   49
1164   185
1164   252
1166   550
1166   290
1166   539
1166   11
1166   163
1166   39
1167   853
1171   352
1171   222
1171   744
1171   181
1171   60
1171   20
1171   1083
1171   202
1172   1173
1192   1193
1192   680
1192   583
1180   334
1180   726
1180   1213
1180   150
1181   1118
1181   558
1181   317
1182   598
1182   207
1182   17
1182   310
1182   899
1182   629
1197   266
1197   1193
1197   336
1184   425
1184   752
1184   904
1184   332
1198   294
1187   401
1191   1033
1191   449
1191   477
1189   1220
1189   541
1189   1075
1189   310
1189   924
1193   1192
1193   500
1193   1197
1193   1008
1193   904
1206   731
1206   386
1206   375
1216   1170
1216   74
1216   226
1216   1126
1220   1189
1220   344
1220   374
1220   369
1220   410
1220   762
1220   363
