1   22
1   61
1   29
1   38
1   28
1   5
1   18
1   43
1   14
1   32
1   21
1   46
1   10
1   48
1   27
1   40
1   16
1   26
1   15
1   12
1   25
1   62
1   3
1   51
1   4
1   17
1   24
1   49
1   9
1   34
1   55
1   57
1   45
1   30
1   50
1   36
1   1
2   20
2   35
2   26
2   7
2   25
2   21
2   40
2   47
2   54
2   49
2   48
2   33
2   42
2   36
2   61
2   46
2   30
2   14
2   32
2   9
2   39
2   58
2   62
2   13
2   24
2   17
2   15
2   6
2   43
2   50
2   27
2   2
2   5
2   38
2   45
2   31
2   10
2   29
2   28
2   22
2   51
2   3
3   58
3   3
3   9
3   42
3   5
3   31
3   16
3   44
3   59
3   25
3   15
3   45
3   51
3   21
3   29
3   52
3   53
3   1
3   57
3   40
3   33
3   61
3   34
3   19
3   7
3   8
3   10
3   23
3   27
3   13
3   14
3   30
3   41
3   60
3   2
3   26
4   15
4   44
4   4
4   23
4   22
4   25
4   18
4   34
4   62
4   59
4   13
4   60
4   27
4   48
4   10
4   52
4   30
4   1
4   9
4   38
4   5
4   17
4   14
4   24
4   45
4   55
4   51
4   46
4   47
4   56
4   33
4   41
5   55
5   11
5   36
5   3
5   18
5   43
5   1
5   31
5   38
5   5
5   13
5   57
5   17
5   56
5   51
5   50
5   62
5   54
5   48
5   27
5   7
5   9
5   40
5   4
5   6
5   33
5   30
5   59
5   10
5   21
5   39
5   2
5   12
5   53
5   46
5   41
5   24
5   34
5   52
5   49
5   15
6   49
6   43
6   8
6   10
6   53
6   28
6   21
6   32
6   16
6   9
6   50
6   39
6   57
6   12
6   60
6   42
6   14
6   2
6   35
6   23
6   5
6   41
6   24
6   31
6   11
6   45
6   13
6   22
6   18
6   40
6   29
6   20
6   30
6   37
6   36
7   33
7   61
7   2
7   20
7   24
7   38
7   18
7   36
7   29
7   46
7   43
7   58
7   44
7   5
7   9
7   48
7   37
7   60
7   17
7   49
7   45
7   3
7   7
7   13
7   39
7   41
7   26
7   59
7   47
8   51
8   8
8   20
8   57
8   47
8   55
8   17
8   6
8   13
8   11
8   61
8   53
8   21
8   14
8   46
8   49
8   16
8   62
8   42
8   50
8   12
8   15
8   9
8   18
8   59
8   29
8   60
8   40
8   27
8   3
8   54
8   34
8   30
8   26
8   10
8   38
8   25
8   39
8   37
8   28
9   3
9   42
9   21
9   9
9   19
9   14
9   15
9   51
9   49
9   13
9   27
9   6
9   57
9   28
9   2
9   50
9   56
9   32
9   31
9   37
9   30
9   59
9   8
9   43
9   4
9   62
9   5
9   61
9   7
9   40
9   1
9   33
9   58
9   47
9   46
9   55
9   20
9   25
9   39
9   29
9   22
10   30
10   23
10   6
10   56
10   21
10   57
10   61
10   48
10   43
10   16
10   1
10   31
10   41
10   19
10   35
10   15
10   22
10   32
10   4
10   58
10   27
10   39
10   45
10   24
10   14
10   42
10   5
10   36
10   18
10   3
10   12
10   8
10   20
10   10
10   2
10   59
10   13
11   5
11   8
11   12
11   61
11   56
11   21
11   39
11   15
11   41
11   50
11   51
11   62
11   46
11   48
11   44
11   22
11   59
11   28
11   54
11   33
11   60
11   58
11   11
11   45
11   16
11   40
11   36
11   6
11   30
11   25
11   14
11   55
11   26
12   15
12   11
12   54
12   24
12   18
12   36
12   14
12   42
12   19
12   22
12   39
12   8
12   13
12   1
12   43
12   38
12   6
12   37
12   57
12   60
12   53
12   25
12   31
12   21
12   10
12   5
12   48
12   35
12   51
12   27
12   52
12   12
13   46
13   13
13   8
13   52
13   25
13   40
13   5
13   60
13   28
13   9
13   17
13   15
13   16
13   53
13   51
13   12
13   4
13   48
13   62
13   49
13   2
13   33
13   26
13   34
13   56
13   59
13   55
13   21
13   6
13   7
13   3
13   58
13   36
13   14
13   41
13   19
13   44
13   32
13   10
13   37
14   56
14   32
14   57
14   35
14   59
14   8
14   9
14   1
14   12
14   60
14   2
14   43
14   50
14   30
14   46
14   25
14   45
14   19
14   22
14   40
14   15
14   34
14   61
14   6
14   55
14   4
14   39
14   10
14   16
14   51
14   28
14   27
14   3
14   13
14   29
14   24
14   11
14   42
15   15
15   49
15   4
15   50
15   12
15   26
15   9
15   11
15   3
15   18
15   13
15   10
15   38
15   1
15   33
15   29
15   8
15   62
15   14
15   57
15   35
15   39
15   28
15   34
15   2
15   36
15   27
15   59
15   17
15   41
15   42
15   46
15   54
15   48
15   40
15   55
15   45
15   5
16   56
16   42
16   3
16   30
16   21
16   40
16   38
16   28
16   19
16   10
16   6
16   8
16   61
16   13
16   1
16   41
16   44
16   25
16   53
16   11
16   29
16   39
16   57
16   54
16   52
16   14
16   43
16   31
16   22
16   62
16   32
16   17
16   34
16   46
16   26
16   36
16   33
17   8
17   45
17   23
17   13
17   48
17   5
17   18
17   61
17   17
17   55
17   41
17   24
17   31
17   59
17   51
17   27
17   32
17   49
17   1
17   2
17   60
17   29
17   21
17   7
17   4
17   26
17   20
17   15
17   33
17   39
17   35
17   46
17   38
17   16
17   34
17   52
17   56
18   5
18   18
18   25
18   1
18   12
18   4
18   61
18   45
18   24
18   58
18   15
18   7
18   57
18   17
18   44
18   41
18   27
18   36
18   60
18   23
18   8
18   34
18   40
18   53
18   56
18   31
18   48
18   10
18   20
18   33
18   62
18   6
18   30
18   54
18   42
18   39
19   20
19   31
19   42
19   19
19   9
19   48
19   39
19   60
19   49
19   35
19   22
19   54
19   16
19   10
19   12
19   14
19   33
19   24
19   59
19   26
19   30
19   57
19   53
19   34
19   44
19   47
19   61
19   3
19   38
19   41
19   56
19   13
19   28
20   2
20   19
20   8
20   7
20   40
20   44
20   59
20   26
20   53
20   27
20   48
20   22
20   38
20   39
20   52
20   49
20   17
20   60
20   62
20   47
20   50
20   18
20   61
20   9
20   10
20   31
20   28
20   37
20   32
20   6
20   46
20   45
21   2
21   9
21   10
21   8
21   11
21   42
21   16
21   6
21   21
21   1
21   58
21   3
21   41
21   54
21   45
21   31
21   55
21   43
21   35
21   51
21   17
21   25
21   48
21   33
21   44
21   56
21   5
21   28
21   61
21   13
21   12
21   40
21   62
21   49
21   39
21   23
21   36
21   37
21   57
22   25
22   1
22   30
22   4
22   34
22   61
22   19
22   60
22   53
22   12
22   54
22   42
22   35
22   10
22   37
22   14
22   22
22   52
22   20
22   11
22   50
22   62
22   23
22   41
22   32
22   33
22   49
22   6
22   16
22   27
22   2
22   9
23   59
23   10
23   27
23   4
23   43
23   53
23   60
23   54
23   17
23   28
23   35
23   56
23   24
23   22
23   18
23   6
23   39
23   52
23   29
23   61
23   3
23   46
23   40
23   55
23   58
23   21
23   25
23   36
23   41
24   24
24   28
24   32
24   7
24   12
24   27
24   53
24   41
24   18
24   60
24   34
24   61
24   59
24   19
24   51
24   25
24   17
24   50
24   57
24   46
24   23
24   2
24   1
24   6
24   30
24   10
24   36
24   52
24   47
24   29
24   4
24   54
24   55
24   58
24   5
24   14
25   22
25   2
25   13
25   18
25   4
25   44
25   62
25   40
25   3
25   53
25   47
25   14
25   37
25   52
25   39
25   24
25   45
25   1
25   16
25   30
25   61
25   32
25   51
25   33
25   21
25   12
25   60
25   50
25   58
25   38
25   26
25   11
25   42
25   41
25   9
25   31
25   8
25   35
25   23
25   43
26   49
26   31
26   43
26   59
26   2
26   15
26   29
26   53
26   45
26   35
26   27
26   46
26   1
26   20
26   19
26   34
26   36
26   32
26   40
26   33
26   48
26   51
26   13
26   58
26   52
26   17
26   54
26   55
26   62
26   41
26   25
26   8
26   28
26   7
26   61
26   44
26   38
26   47
26   16
26   60
26   42
26   3
26   11
26   37
27   23
27   48
27   45
27   24
27   55
27   42
27   52
27   9
27   32
27   1
27   26
27   46
27   20
27   4
27   5
27   18
27   17
27   33
27   10
27   57
27   36
27   47
27   54
27   2
27   8
27   15
27   35
27   44
27   62
27   43
27   3
27   53
27   60
27   14
27   12
27   37
27   22
27   31
28   55
28   28
28   24
28   44
28   1
28   35
28   57
28   61
28   6
28   32
28   58
28   13
28   16
28   23
28   33
28   9
28   50
28   41
28   52
28   60
28   11
28   51
28   15
28   40
28   39
28   31
28   30
28   34
28   62
28   21
28   37
28   14
28   26
28   38
28   59
28   20
28   2
28   8
28   19
29   1
29   39
29   26
29   51
29   53
29   7
29   3
29   46
29   37
29   15
29   57
29   40
29   34
29   8
29   42
29   17
29   16
29   29
29   60
29   23
29   50
29   24
29   36
29   14
29   6
29   2
29   9
29   54
29   47
30   10
30   48
30   22
30   61
30   39
30   16
30   30
30   54
30   62
30   57
30   2
30   31
30   14
30   34
30   42
30   47
30   19
30   9
30   25
30   4
30   37
30   24
30   50
30   28
30   5
30   58
30   11
30   36
30   53
30   32
30   8
30   59
30   18
30   3
30   41
30   1
30   45
30   6
30   52
31   19
31   26
31   40
31   3
31   5
31   31
31   10
31   57
31   30
31   43
31   48
31   39
31   9
31   52
31   17
31   38
31   21
31   58
31   41
31   35
31   42
31   54
31   56
31   28
31   18
31   6
31   12
31   55
31   46
31   33
31   59
31   16
31   25
31   62
31   20
31   2
31   45
31   50
31   61
31   36
31   51
31   27
32   14
32   33
32   24
32   39
32   28
32   1
32   6
32   55
32   2
32   27
32   59
32   9
32   10
32   42
32   35
32   58
32   47
32   26
32   17
32   32
32   25
32   51
32   38
32   37
32   22
32   34
32   30
32   44
32   61
32   16
32   48
32   20
32   40
32   45
32   13
32   53
32   46
33   39
33   32
33   7
33   41
33   43
33   49
33   53
33   59
33   2
33   28
33   15
33   19
33   36
33   62
33   27
33   11
33   26
33   13
33   3
33   35
33   25
33   58
33   42
33   55
33   5
33   21
33   9
33   34
33   47
33   31
33   17
33   18
33   22
33   16
33   50
33   4
33   48
34   41
34   36
34   50
34   49
34   22
34   4
34   48
34   24
34   47
34   30
34   54
34   34
34   62
34   26
34   14
34   19
34   51
34   40
34   42
34   29
34   39
34   15
34   18
34   3
34   13
34   28
34   33
34   44
34   1
34   32
34   8
34   53
34   61
34   58
34   5
34   16
34   17
34   38
34   59
35   2
35   60
35   14
35   28
35   56
35   37
35   55
35   19
35   26
35   58
35   53
35   10
35   41
35   22
35   23
35   32
35   45
35   15
35   62
35   21
35   52
35   6
35   33
35   31
35   40
35   61
35   38
35   59
35   27
35   47
35   17
35   46
35   12
35   39
35   43
35   25
36   61
36   5
36   34
36   49
36   50
36   58
36   12
36   2
36   7
36   53
36   33
36   48
36   51
36   26
36   18
36   27
36   38
36   59
36   11
36   15
36   24
36   30
36   44
36   57
36   10
36   29
36   13
36   45
36   60
36   56
36   21
36   16
36   1
36   31
36   23
36   6
37   56
37   40
37   61
37   35
37   38
37   39
37   52
37   25
37   22
37   44
37   46
37   29
37   9
37   37
37   12
37   49
37   57
37   58
37   7
37   51
37   30
37   32
37   28
37   53
37   48
37   27
37   20
37   21
37   8
37   54
37   13
37   6
37   26
38   39
38   1
38   59
38   5
38   7
38   43
38   16
38   37
38   57
38   45
38   15
38   44
38   47
38   12
38   31
38   53
38   20
38   42
38   36
38   4
38   40
38   32
38   25
38   35
38   19
38   55
38   50
38   49
38   28
38   8
38   2
38   17
38   26
38   60
38   34
39   33
39   54
39   38
39   61
39   29
39   58
39   30
39   19
39   11
39   32
39   57
39   39
39   49
39   51
39   37
39   31
39   12
39   6
39   2
39   25
39   20
39   15
39   34
39   10
39   16
39   47
39   23
39   28
39   50
39   14
39   59
39   46
39   5
39   17
39   41
39   7
39   40
39   21
39   35
39   9
39   18
39   8
39   48
39   43
39   56
40   37
40   53
40   47
40   31
40   2
40   13
40   20
40   16
40   25
40   40
40   54
40   55
40   48
40   1
40   61
40   14
40   57
40   62
40   29
40   34
40   56
40   26
40   3
40   28
40   5
40   18
40   11
40   8
40   9
40   35
40   45
40   38
40   51
40   42
40   23
40   21
40   60
40   39
40   58
40   52
40   6
40   15
40   32
40   59
41   34
41   33
41   49
41   58
41   11
41   41
41   24
41   10
41   35
41   28
41   16
41   17
41   21
41   61
41   18
41   42
41   31
41   6
41   22
41   57
41   19
41   26
41   15
41   39
41   25
41   5
41   7
41   45
41   13
41   56
41   3
41   30
41   54
41   51
41   48
41   4
41   23
42   3
42   16
42   9
42   19
42   21
42   27
42   2
42   50
42   12
42   51
42   22
42   8
42   60
42   30
42   32
42   48
42   41
42   6
42   34
42   38
42   43
42   29
42   31
42   57
42   33
42   40
42   10
42   47
42   15
42   25
42   45
42   56
42   55
42   18
42   46
42   26
42   58
42   14
43   26
43   6
43   62
43   33
43   5
43   49
43   23
43   44
43   58
43   1
43   10
43   55
43   38
43   14
43   31
43   59
43   7
43   60
43   50
43   12
43   51
43   9
43   42
43   21
43   2
43   56
43   54
43   53
43   27
43   16
43   35
43   25
43   47
43   39
44   4
44   58
44   28
44   43
44   52
44   51
44   25
44   3
44   20
44   37
44   38
44   18
44   44
44   16
44   11
44   7
44   19
44   21
44   34
44   36
44   27
44   46
44   55
44   26
44   13
44   32
44   61
45   47
45   48
45   17
45   60
45   27
45   26
45   18
45   3
45   51
45   56
45   46
45   14
45   38
45   25
45   21
45   35
45   55
45   54
45   11
45   10
45   40
45   7
45   6
45   4
45   42
45   41
45   36
45   53
45   59
45   2
45   1
45   31
45   32
45   15
45   30
45   20
46   53
46   13
46   54
46   51
46   62
46   60
46   8
46   2
46   1
46   47
46   45
46   58
46   11
46   14
46   26
46   27
46   37
46   7
46   29
46   52
46   24
46   61
46   39
46   31
46   15
46   56
46   49
46   23
46   9
46   5
46   44
46   4
46   35
46   17
46   48
46   16
46   42
46   20
46   32
47   40
47   55
47   47
47   45
47   8
47   2
47   25
47   46
47   34
47   38
47   30
47   32
47   58
47   52
47   49
47   62
47   50
47   27
47   19
47   39
47   33
47   42
47   24
47   9
47   57
47   20
47   59
47   35
47   4
47   26
47   7
47   43
47   29
47   54
48   30
48   27
48   45
48   19
48   2
48   10
48   48
48   49
48   34
48   17
48   1
48   58
48   61
48   40
48   53
48   31
48   13
48   11
48   60
48   20
48   42
48   36
48   4
48   5
48   26
48   55
48   7
48   21
48   50
48   18
48   54
48   12
48   37
48   46
48   15
48   32
48   41
48   39
48   62
48   33
49   6
49   26
49   15
49   57
49   33
49   43
49   41
49   34
49   36
49   50
49   61
49   2
49   49
49   19
49   9
49   48
49   59
49   39
49   62
49   8
49   56
49   13
49   37
49   17
49   47
49   1
49   54
49   52
49   20
49   7
49   46
49   22
49   38
49   21
49   55
49   5
50   34
50   15
50   36
50   49
50   60
50   11
50   42
50   53
50   50
50   6
50   59
50   14
50   28
50   9
50   52
50   5
50   8
50   51
50   43
50   24
50   57
50   22
50   61
50   2
50   47
50   25
50   30
50   39
50   48
50   29
50   20
50   38
50   31
50   1
50   33
50   55
50   56
56   14
56   37
56   16
56   55
56   10
56   57
56   35
56   11
56   51
56   62
56   45
56   5
56   9
56   49
56   23
56   58
56   40
56   60
56   61
56   31
56   18
56   53
56   43
56   13
56   21
56   46
56   42
56   19
56   41
56   52
56   59
56   36
56   4
56   17
56   50
56   39
51   8
51   51
51   46
51   44
51   9
51   56
51   39
51   59
51   29
51   42
51   11
51   45
51   53
51   3
51   5
51   13
51   62
51   24
51   50
51   43
51   36
51   28
51   55
51   17
51   34
51   26
51   1
51   25
51   58
51   21
51   61
51   37
51   32
51   40
51   54
51   14
51   4
51   57
51   12
51   2
51   41
51   31
54   39
54   46
54   12
54   2
54   53
54   30
54   60
54   19
54   23
54   40
54   62
54   22
54   34
54   55
54   5
54   21
54   11
54   58
54   45
54   57
54   49
54   31
54   27
54   26
54   51
54   16
54   52
54   43
54   8
54   15
54   48
54   24
54   18
54   41
54   59
54   29
54   37
54   47
55   28
55   5
55   47
55   56
55   8
55   27
55   35
55   43
55   32
55   40
55   54
55   17
55   51
55   45
55   21
55   48
55   14
55   33
55   31
55   26
55   13
55   1
55   38
55   4
55   9
55   24
55   42
55   44
55   49
55   23
55   53
55   15
55   50
55   11
55   58
57   49
57   14
57   8
57   60
57   28
57   56
57   10
57   39
57   30
57   52
57   5
57   31
57   9
57   18
57   38
57   61
57   6
57   19
57   24
57   50
57   40
57   29
57   15
57   62
57   12
57   3
57   27
57   37
57   54
57   42
57   16
57   41
57   36
57   59
57   47
57   1
57   51
57   21
58   3
58   59
58   44
58   58
58   39
58   53
58   43
58   41
58   36
58   28
58   35
58   18
58   21
58   48
58   46
58   2
58   32
58   47
58   56
58   7
58   10
58   31
58   11
58   54
58   37
58   51
58   26
58   61
58   33
58   25
58   9
58   30
58   52
58   13
58   40
58   23
58   24
58   34
58   42
58   55
59   23
59   58
59   26
59   38
59   14
59   33
59   3
59   20
59   49
59   53
59   51
59   50
59   32
59   43
59   60
59   24
59   4
59   19
59   17
59   11
59   9
59   8
59   36
59   39
59   15
59   5
59   35
59   13
59   57
59   61
59   30
59   31
59   47
59   28
59   45
59   7
59   56
59   40
59   10
59   54
59   34
60   35
60   57
60   45
60   19
60   46
60   50
60   23
60   13
60   54
60   22
60   24
60   14
60   42
60   59
60   61
60   28
60   43
60   48
60   4
60   6
60   11
60   56
60   18
60   52
60   53
60   17
60   12
60   8
60   7
60   25
60   20
60   29
60   27
60   40
60   3
60   36
60   26
60   38
53   40
53   46
53   58
53   33
53   8
53   53
53   26
53   54
53   6
53   23
53   24
53   59
53   25
53   50
53   29
53   35
53   22
53   51
53   52
53   48
53   13
53   20
53   36
53   3
53   19
53   38
53   16
53   62
53   60
53   12
53   18
53   56
53   43
53   30
53   27
53   5
53   37
53   34
53   45
53   55
53   32
61   1
61   36
61   7
61   39
61   30
61   8
61   37
61   11
61   28
61   49
61   10
61   22
61   18
61   2
61   16
61   17
61   48
61   24
61   60
61   40
61   57
61   62
61   41
61   14
61   25
61   46
61   50
61   9
61   3
61   51
61   52
61   56
61   58
61   61
61   19
61   35
61   23
61   21
61   20
61   59
61   26
61   32
61   34
61   44
61   31
62   43
62   46
62   25
62   30
62   49
62   56
62   8
62   54
62   11
62   4
62   5
62   34
62   51
62   2
62   61
62   33
62   13
62   1
62   15
62   40
62   22
62   57
62   53
62   35
62   9
62   47
62   26
62   28
62   20
62   27
62   21
62   18
62   16
62   31
62   48
62   52
52   13
52   44
52   27
52   57
52   37
52   53
52   50
52   25
52   3
52   46
52   28
52   31
52   47
52   22
52   4
52   20
52   60
52   35
52   26
52   61
52   49
52   23
52   54
52   24
52   16
52   58
52   40
52   56
52   5
52   17
52   12
52   30
52   62
