1   29
1   10
1   11
1   19
1   5
1   2
1   17
1   9
1   13
1   14
1   18
1   16
1   28
1   20
1   25
1   31
1   3
1   12
1   26
1   8
1   7
1   32
1   21
2   7
2   5
2   32
2   8
2   19
2   27
2   21
2   11
2   4
2   1
2   18
2   17
2   29
2   26
2   25
2   10
2   6
2   2
2   12
2   23
2   28
2   31
2   20
2   22
2   16
2   9
3   15
3   20
3   3
3   28
3   32
3   16
3   26
3   29
3   11
3   23
3   8
3   25
3   24
3   22
3   13
3   14
3   1
3   31
3   30
3   19
3   5
3   7
3   21
3   10
3   4
4   26
4   17
4   23
4   16
4   8
4   32
4   28
4   18
4   2
4   6
4   21
4   14
4   4
4   9
4   20
4   7
4   31
4   25
4   11
4   15
4   30
4   22
4   5
4   3
4   10
5   27
5   2
5   8
5   23
5   31
5   20
5   11
5   32
5   29
5   24
5   13
5   28
5   5
5   7
5   1
5   19
5   14
5   12
5   22
5   26
5   16
5   21
5   10
5   15
5   3
5   18
5   17
5   9
5   4
6   15
6   25
6   30
6   23
6   6
6   4
6   17
6   18
6   22
6   12
6   7
6   31
6   2
6   28
6   29
6   21
6   14
6   20
6   26
6   8
6   16
6   9
6   27
6   11
6   24
7   2
7   18
7   13
7   22
7   14
7   30
7   28
7   32
7   5
7   11
7   24
7   6
7   17
7   10
7   19
7   27
7   20
7   23
7   3
7   4
7   26
7   12
7   1
7   21
8   13
8   23
8   5
8   28
8   11
8   2
8   4
8   31
8   26
8   3
8   20
8   27
8   21
8   32
8   16
8   19
8   22
8   15
8   25
8   9
8   10
8   1
8   12
8   6
8   30
8   29
13   23
13   8
13   7
13   14
13   5
13   10
13   27
13   32
13   29
13   22
13   1
13   25
13   3
13   15
13   21
13   24
13   13
13   31
13   30
13   16
13   9
13   20
13   17
13   11
14   18
14   13
14   15
14   7
14   20
14   23
14   1
14   17
14   9
14   5
14   19
14   4
14   3
14   25
14   12
14   26
14   10
14   27
14   30
14   6
14   11
14   22
14   32
14   24
14   29
14   16
16   30
16   32
16   4
16   3
16   16
16   27
16   23
16   9
16   20
16   11
16   15
16   18
16   22
16   29
16   21
16   1
16   8
16   5
16   31
16   26
16   10
16   24
16   13
16   17
16   19
16   12
16   6
16   25
16   2
16   14
17   10
17   4
17   20
17   29
17   18
17   1
17   19
17   11
17   30
17   24
17   14
17   6
17   23
17   2
17   7
17   22
17   28
17   16
17   13
17   5
17   27
17   32
17   12
20   3
20   26
20   25
20   17
20   5
20   14
20   18
20   16
20   9
20   22
20   29
20   32
20   8
20   23
20   20
20   15
20   1
20   27
20   21
20   7
20   4
20   24
20   6
20   11
20   19
20   2
20   13
20   10
21   21
21   29
21   25
21   11
21   2
21   28
21   16
21   4
21   30
21   10
21   12
21   8
21   20
21   23
21   13
21   5
21   18
21   15
21   22
21   6
21   3
21   27
21   26
21   31
21   9
21   1
21   7
22   22
22   29
22   31
22   32
22   7
22   11
22   27
22   13
22   28
22   20
22   23
22   16
22   3
22   6
22   19
22   5
22   9
22   8
22   17
22   24
22   30
22   21
22   25
22   15
22   14
22   2
22   26
22   4
24   29
24   10
24   19
24   9
24   30
24   31
24   5
24   32
24   15
24   28
24   26
24   3
24   17
24   7
24   12
24   13
24   22
24   16
24   23
24   20
24   11
24   14
24   24
24   27
24   6
25   25
25   19
25   6
25   21
25   20
25   29
25   3
25   13
25   9
25   1
25   2
25   28
25   14
25   30
25   32
25   8
25   10
25   31
25   22
25   15
25   4
25   11
25   12
25   16
26   4
26   20
26   31
26   28
26   8
26   3
26   27
26   9
26   29
26   19
26   30
26   26
26   24
26   10
26   15
26   2
26   5
26   14
26   11
26   16
26   1
26   7
26   6
26   21
26   22
26   12
27   5
27   29
27   10
27   16
27   2
27   26
27   30
27   13
27   22
27   9
27   8
27   15
27   20
27   7
27   27
27   14
27   18
27   11
27   21
27   31
27   12
27   17
27   6
27   19
27   24
27   32
28   3
28   8
28   26
28   9
28   4
28   12
28   5
28   7
28   11
28   22
28   21
28   24
28   1
28   25
28   23
28   15
28   18
28   28
28   6
28   2
28   17
28   10
28   32
28   29
28   31
31   22
31   31
31   26
31   23
31   24
31   5
31   8
31   9
31   12
31   11
31   1
31   6
31   3
31   15
31   16
31   13
31   32
31   25
31   2
31   19
31   4
31   27
31   21
31   28
31   29
31   10
31   18
9   30
9   24
9   28
9   18
9   16
9   20
9   26
9   9
9   1
9   31
9   27
9   14
9   12
9   25
9   22
9   19
9   4
9   8
9   13
9   10
9   29
9   6
9   21
9   5
9   2
9   23
10   17
10   24
10   32
10   27
10   10
10   15
10   13
10   18
10   1
10   23
10   26
10   19
10   21
10   2
10   11
10   7
10   5
10   25
10   16
10   14
10   8
10   28
10   9
10   29
10   20
10   3
10   31
10   4
11   8
11   21
11   5
11   22
11   3
11   2
11   16
11   1
11   28
11   19
11   7
11   17
11   18
11   31
11   11
11   10
11   26
11   29
11   15
11   32
11   20
11   4
11   27
11   24
11   14
11   25
11   13
11   6
19   25
19   19
19   24
19   15
19   2
19   1
19   26
19   5
19   11
19   17
19   30
19   14
19   10
19   22
19   18
19   8
19   9
19   12
19   7
19   3
19   32
19   31
19   20
19   16
19   29
19   27
23   13
23   18
23   8
23   4
23   5
23   31
23   29
23   15
23   16
23   14
23   6
23   3
23   10
23   23
23   22
23   20
23   17
23   32
23   28
23   21
23   2
23   7
23   24
23   9
29   22
29   24
29   29
29   21
29   27
29   1
29   23
29   5
29   17
29   3
29   13
29   25
29   18
29   26
29   20
29   16
29   2
29   11
29   6
29   10
29   9
29   28
29   12
29   19
29   31
29   14
29   8
12   28
12   18
12   31
12   9
12   5
12   21
12   6
12   14
12   19
12   1
12   24
12   2
12   15
12   8
12   7
12   27
12   26
12   16
12   25
12   29
12   30
12   17
15   15
15   3
15   6
15   14
15   19
15   10
15   23
15   16
15   24
15   26
15   20
15   27
15   18
15   13
15   28
15   8
15   31
15   5
15   21
15   11
15   12
15   25
15   4
15   22
15   30
18   14
18   7
18   23
18   32
18   30
18   9
18   20
18   10
18   17
18   29
18   4
18   16
18   12
18   11
18   1
18   2
18   6
18   15
18   19
18   28
18   21
18   27
18   5
18   18
18   31
32   22
32   18
32   2
32   16
32   3
32   10
32   5
32   4
32   24
32   13
32   7
32   20
32   23
32   8
32   25
32   31
32   11
32   19
32   30
32   28
32   14
32   1
32   17
32   27
30   16
30   9
30   18
30   6
30   30
30   24
30   27
30   7
30   26
30   17
30   21
30   19
30   25
30   3
30   13
30   22
30   14
30   32
30   15
30   4
30   8
30   12
