1   1
1   2
1   3
1   4
1   756
2   1
2   5
2   6
2   7
2   8
2   9
2   10
2   11
2   12
2   13
2   14
2   15
2   16
2   17
2   18
2   19
2   20
2   21
2   22
2   23
2   24
2   25
2   26
2   694
3   1
3   27
3   93
4   1
4   24
4   336
756   1
5   2
5   19
5   716
6   2
6   28
6   223
6   660
7   2
7   29
8   2
8   30
8   33
9   2
9   31
10   2
10   32
10   33
10   34
10   35
10   36
10   37
10   38
10   39
11   2
11   31
11   320
11   710
11   773
12   2
12   40
12   41
12   42
12   67
13   2
13   42
13   495
13   608
14   2
14   42
14   211
14   305
14   338
14   356
14   361
14   439
14   475
14   498
14   563
14   661
14   665
14   782
15   2
15   43
15   67
16   2
16   44
16   67
17   2
17   45
17   46
17   47
17   48
17   49
17   309
18   2
18   50
19   2
19   5
19   51
19   361
19   499
19   603
19   620
19   768
19   820
20   2
20   51
20   67
20   90
21   2
21   52
21   53
21   449
22   2
22   54
22   39
22   186
22   471
22   806
23   2
23   55
23   304
23   356
23   578
23   690
24   2
24   4
24   56
24   48
24   286
24   287
24   360
24   401
24   781
25   2
25   56
25   338
26   2
26   57
26   300
26   528
26   587
694   2
27   3
27   58
27   214
93   3
93   52
93   396
336   4
336   40
336   46
336   291
336   322
336   354
336   355
336   356
336   357
336   358
716   5
28   6
28   59
28   73
28   97
28   114
28   497
28   595
28   647
28   803
223   6
223   155
223   174
660   6
29   7
29   60
29   467
29   486
29   557
29   648
29   736
30   8
30   61
30   42
30   299
30   480
33   8
33   10
33   282
33   374
33   432
31   9
31   11
31   62
31   549
31   783
32   10
32   63
32   225
34   10
34   64
34   56
35   10
35   63
35   69
35   70
35   568
35   582
36   10
36   65
36   66
36   130
36   285
36   289
36   366
36   520
36   544
36   545
37   10
37   66
37   67
37   65
37   68
37   69
37   70
37   71
37   72
37   568
38   10
38   73
38   139
39   10
39   22
39   81
39   82
39   154
39   162
39   167
39   224
39   225
39   331
39   332
39   343
39   435
320   11
320   265
320   414
320   514
320   717
710   11
773   11
40   12
40   74
40   75
40   335
40   336
40   747
41   12
41   76
41   75
41   570
41   714
42   12
42   13
42   14
42   30
42   556
67   12
67   15
67   16
67   20
67   37
67   326
67   337
67   456
67   571
495   13
495   592
495   692
608   13
211   14
211   144
211   369
211   370
305   14
305   242
305   313
338   14
338   25
338   291
356   14
356   23
356   79
356   80
356   162
356   187
356   206
356   336
356   377
356   378
356   379
356   380
356   507
356   736
361   14
361   19
361   343
361   509
361   519
439   14
439   263
439   432
439   450
439   779
475   14
475   531
498   14
498   592
563   14
563   480
661   14
665   14
782   14
43   15
43   77
43   73
43   97
43   178
43   185
43   250
43   306
43   365
43   425
43   497
43   566
43   606
43   795
44   16
44   78
44   419
44   470
44   689
45   17
45   79
45   80
45   514
46   17
46   81
46   82
46   91
46   274
46   291
46   336
46   400
46   514
46   812
47   17
47   83
47   272
47   277
47   424
47   536
47   815
48   17
48   24
48   84
48   514
49   17
49   85
49   514
309   17
309   245
309   466
309   681
309   744
309   746
50   18
50   86
50   57
50   58
50   302
50   493
50   569
50   796
51   19
51   20
51   87
51   88
51   89
51   90
51   91
51   92
51   404
51   407
499   19
499   596
499   815
603   19
620   19
768   19
820   19
90   20
90   51
90   74
90   112
90   511
52   21
52   93
52   347
52   549
52   697
52   779
53   21
53   94
53   536
53   785
449   21
449   95
449   474
54   22
54   95
54   96
54   97
54   94
54   466
186   22
186   120
186   129
471   22
471   515
806   22
55   23
55   79
55   404
55   405
304   23
304   78
304   242
304   314
304   342
304   398
578   23
690   23
690   160
690   183
690   348
690   517
690   518
690   519
56   24
56   25
56   34
56   98
56   99
56   100
56   101
56   102
56   103
56   104
56   105
56   106
56   107
56   108
56   109
56   110
56   156
56   177
56   607
56   763
286   24
286   220
287   24
287   220
287   497
287   725
360   24
360   342
360   533
360   572
401   24
401   396
401   531
781   24
57   26
57   50
57   104
57   108
57   82
57   191
57   638
300   26
300   238
300   324
300   343
300   735
300   826
528   26
528   702
587   26
58   27
58   50
58   108
58   106
58   776
214   27
214   146
214   263
214   264
214   265
214   266
214   238
214   267
214   537
214   541
59   28
59   110
59   425
59   613
59   715
73   28
73   38
73   43
73   71
73   404
97   28
97   43
97   54
97   234
97   235
97   517
97   614
97   684
97   701
97   741
114   28
114   62
114   95
114   262
114   451
114   604
114   753
114   802
497   28
497   43
497   95
497   210
497   287
497   383
497   454
497   455
497   456
497   592
595   28
647   28
803   28
60   29
60   111
60   195
60   196
60   376
60   549
60   580
60   711
467   29
467   514
467   577
467   788
486   29
486   548
486   549
557   29
648   29
736   29
736   151
736   243
736   294
736   356
736   399
61   30
61   112
61   363
61   417
61   525
61   527
299   30
299   77
299   237
299   515
480   30
480   534
480   563
480   564
480   613
480   666
62   31
62   113
62   114
62   115
62   116
62   117
62   64
62   145
62   146
62   462
62   463
62   464
549   31
549   52
549   60
549   121
549   436
549   486
549   487
549   815
783   31
783   487
63   32
63   35
63   118
63   281
63   636
63   760
225   32
225   39
225   158
225   206
225   210
225   292
225   230
225   252
225   276
225   290
225   443
282   33
282   220
282   264
282   375
374   33
374   353
374   584
432   33
432   425
432   439
432   490
432   715
432   729
64   34
64   62
64   119
69   35
69   37
69   328
70   35
70   37
70   101
70   683
568   35
568   37
582   35
65   36
65   37
65   120
65   121
65   326
66   36
66   37
130   36
130   79
130   143
130   767
285   36
285   220
289   36
289   221
289   674
366   36
366   345
520   36
520   692
544   36
544   811
545   36
545   812
68   37
68   121
68   348
68   797
71   37
71   73
71   316
71   797
72   37
72   122
72   88
72   184
72   200
72   523
72   797
139   38
139   85
139   152
81   39
81   46
81   221
81   424
81   659
82   39
82   46
82   57
82   136
82   319
82   567
82   632
82   772
154   39
154   99
154   384
162   39
162   107
162   231
162   355
162   356
167   39
167   108
167   233
167   729
224   39
224   155
331   39
331   258
331   277
332   39
332   280
332   322
332   397
332   654
332   757
343   39
343   111
343   300
343   308
343   314
343   361
343   384
435   39
435   430
435   437
435   482
435   516
435   599
435   719
435   720
74   40
74   123
74   122
74   124
74   125
74   90
74   91
74   110
75   40
75   41
75   126
75   88
75   244
335   40
335   151
335   291
747   40
76   41
76   95
570   41
714   41
556   42
77   43
77   98
77   127
77   291
77   299
77   459
77   763
178   43
178   115
185   43
185   119
185   441
185   815
250   43
250   190
306   43
306   243
365   43
365   344
365   383
365   696
365   703
425   43
425   59
425   94
425   95
425   96
425   110
425   218
425   235
425   317
425   417
425   419
425   421
425   422
425   423
425   426
425   427
425   428
425   429
425   430
425   431
425   432
425   584
566   43
606   43
795   43
78   44
78   128
78   129
78   80
78   239
78   304
78   444
78   445
78   446
78   542
78   677
419   44
419   413
419   425
419   613
419   715
470   44
470   249
470   514
689   44
79   45
79   55
79   130
79   131
79   132
79   133
79   134
79   135
79   356
79   418
79   657
80   45
80   78
80   113
80   356
80   433
80   539
514   45
514   46
514   48
514   49
514   320
514   384
514   466
514   467
514   468
514   469
514   470
514   680
514   681
514   745
91   46
91   51
91   74
91   550
274   46
274   220
274   410
274   686
291   46
291   77
291   222
291   335
291   334
291   336
291   337
291   338
291   634
400   46
400   395
400   404
400   663
400   815
812   46
812   112
812   334
812   545
83   47
83   137
83   384
83   644
272   47
272   220
272   565
277   47
277   220
277   327
277   296
277   328
277   329
277   330
277   331
277   392
277   729
424   47
424   81
424   420
424   695
536   47
536   53
536   204
536   208
536   482
536   758
536   797
815   47
815   133
815   160
815   185
815   256
815   308
815   352
815   359
815   400
815   404
815   415
815   473
815   489
815   499
815   511
815   512
815   513
815   525
815   529
815   546
815   547
815   548
815   549
815   550
815   551
84   48
84   138
85   49
85   139
85   675
85   715
86   50
86   140
86   163
86   381
86   506
86   761
302   50
302   241
302   352
493   50
493   581
493   818
569   50
796   50
87   51
87   141
87   142
87   143
87   144
87   368
87   438
87   631
87   639
87   651
87   770
88   51
88   72
88   75
88   126
88   145
88   146
88   147
88   148
88   149
88   116
88   377
89   51
89   150
89   146
89   148
92   51
92   151
92   96
404   51
404   55
404   73
404   169
404   189
404   400
404   407
404   408
404   409
404   405
404   406
404   815
407   51
407   404
407   415
347   52
347   315
347   809
697   52
779   52
779   439
94   53
94   54
94   152
94   425
94   447
94   649
785   53
95   54
95   76
95   95
95   114
95   278
95   346
95   409
95   413
95   425
95   449
95   497
95   637
95   695
96   54
96   92
96   425
466   54
466   242
466   309
466   514
405   55
405   169
405   402
405   404
405   410
405   411
405   437
405   476
405   704
98   56
98   77
98   153
98   205
99   56
99   154
99   693
100   56
100   155
100   679
101   56
101   70
101   155
101   159
101   284
102   56
102   156
102   171
103   56
103   157
104   56
104   57
104   158
104   159
104   303
104   412
104   787
105   56
105   160
106   56
106   58
106   161
106   157
106   412
107   56
107   162
107   297
107   303
107   641
108   56
108   57
108   58
108   163
108   164
108   165
108   166
108   167
108   168
108   303
109   56
109   165
109   363
110   56
110   59
110   74
110   169
110   128
110   396
110   425
110   531
110   533
110   572
110   695
110   715
110   743
110   774
110   775
110   776
110   777
110   778
110   811
156   56
156   102
156   680
156   746
177   56
177   115
177   633
177   634
607   56
763   56
763   77
763   345
763   538
191   57
191   126
191   577
638   57
776   58
776   110
613   59
613   419
613   480
715   59
715   85
715   110
715   118
715   140
715   417
715   419
715   432
715   490
715   531
715   532
715   533
111   60
111   169
111   165
111   275
111   343
195   60
195   128
195   531
196   60
196   128
196   531
196   533
376   60
376   354
376   695
580   60
711   60
112   61
112   90
112   170
112   171
112   172
112   246
112   468
112   496
112   662
112   719
112   812
112   822
363   61
363   109
363   344
363   382
417   61
417   413
417   425
417   695
417   715
525   61
525   696
525   815
527   61
527   696
113   62
113   80
115   62
115   173
115   174
115   175
115   176
115   177
115   178
115   179
115   180
115   181
115   362
115   504
116   62
116   88
116   166
116   233
116   505
116   807
117   62
117   182
117   183
117   333
117   452
117   474
145   62
145   88
145   152
146   62
146   88
146   89
146   212
146   213
146   214
146   152
146   215
146   216
146   217
146   269
462   62
462   512
463   62
463   512
464   62
464   513
118   63
118   184
118   715
281   63
281   220
636   63
636   124
636   506
760   63
119   64
119   184
119   185
119   220
119   584
119   729
120   65
120   186
120   406
121   65
121   68
121   549
326   65
326   67
326   273
326   809
326   810
337   67
337   291
456   67
456   497
571   67
348   68
348   315
348   690
797   68
797   71
797   72
797   368
797   387
797   536
797   537
328   69
328   277
683   70
316   71
316   258
316   676
316   681
316   682
122   72
122   74
122   187
122   609
184   72
184   118
184   119
184   232
200   72
200   129
200   155
523   72
523   695
123   74
123   188
124   74
124   189
124   636
125   74
125   190
125   515
126   75
126   88
126   191
126   190
126   713
244   75
244   155
244   188
244   600
127   77
127   192
459   77
459   502
459   574
128   78
128   110
128   193
128   194
128   195
128   196
128   197
129   78
129   193
129   198
129   199
129   200
129   186
129   351
239   78
239   174
444   78
444   472
444   724
445   78
445   472
445   510
446   78
446   474
542   78
542   799
677   78
131   79
131   201
131   189
131   202
131   203
131   767
132   79
132   182
132   767
133   79
133   204
133   815
134   79
134   204
134   767
135   79
135   205
135   767
418   79
418   187
418   413
418   695
657   79
433   80
433   428
433   441
539   80
539   775
221   81
221   153
221   288
221   289
221   290
221   512
221   734
659   81
659   141
659   142
659   143
659   144
659   234
659   293
659   442
659   509
136   82
136   206
136   330
136   621
319   82
319   263
319   362
567   82
567   395
567   490
632   82
772   82
137   83
137   207
137   729
384   83
384   154
384   262
384   269
384   343
384   353
384   370
384   514
644   83
138   84
138   208
138   242
138   255
138   398
138   625
675   85
140   86
140   158
140   202
140   695
140   715
163   86
163   108
381   86
381   158
381   357
381   391
381   392
381   393
381   394
506   86
506   636
761   86
141   87
141   209
141   659
142   87
142   210
142   659
143   87
143   130
143   659
144   87
144   211
144   659
368   87
368   345
368   797
438   87
438   442
438   575
438   577
438   601
631   87
639   87
651   87
770   87
147   88
147   218
147   161
148   88
148   89
148   219
149   88
149   153
377   88
377   356
150   89
150   187
511   90
511   172
511   663
511   815
550   91
550   815
151   92
151   172
151   176
151   335
151   736
396   93
396   110
396   188
396   390
396   401
396   402
396   676
396   764
152   94
152   139
152   145
152   146
152   220
152   189
152   157
152   260
152   364
152   616
447   94
447   474
447   488
649   94
649   502
278   95
278   220
278   723
346   95
346   313
346   671
409   95
409   404
413   95
413   218
413   383
413   410
413   417
413   418
413   419
413   460
413   643
413   646
413   655
413   686
637   95
637   303
695   95
695   110
695   140
695   260
695   376
695   417
695   418
695   424
695   521
695   522
695   523
234   97
234   168
234   658
234   659
235   97
235   169
235   425
235   811
517   97
517   690
517   764
614   97
684   97
701   97
741   97
153   98
153   149
153   221
153   219
153   397
153   408
153   473
153   477
153   484
153   487
153   562
153   698
153   699
153   726
153   748
153   816
205   98
205   135
693   99
155   100
155   101
155   222
155   223
155   224
155   199
155   200
155   208
155   244
155   522
155   759
679   100
159   101
159   104
159   207
159   226
159   227
159   228
159   229
159   230
284   101
284   220
284   229
284   242
284   543
171   102
171   112
171   236
171   824
157   103
157   106
157   152
157   786
158   104
158   140
158   225
158   381
303   104
303   107
303   108
303   242
303   637
412   104
412   106
412   410
787   104
160   105
160   207
160   690
160   809
160   815
161   106
161   147
161   170
161   256
161   311
161   339
161   340
161   386
161   436
161   479
161   672
161   673
297   107
297   231
297   232
297   341
297   538
297   681
641   107
164   108
164   232
165   108
165   109
165   111
165   180
166   108
166   116
166   279
166   593
166   814
168   108
168   234
168   709
169   110
169   111
169   235
169   313
169   404
169   405
169   722
531   110
531   194
531   195
531   196
531   197
531   401
531   402
531   474
531   475
531   476
531   715
533   110
533   196
533   198
533   360
533   461
533   479
533   715
572   110
572   360
572   460
572   461
572   479
572   491
572   492
743   110
774   110
774   460
775   110
775   539
777   110
778   110
778   540
811   110
811   235
811   266
811   543
811   544
275   111
275   220
170   112
170   161
172   112
172   151
172   237
172   511
246   112
246   190
246   585
468   112
468   514
468   765
496   112
496   592
662   112
662   510
719   112
719   310
719   435
822   112
262   114
262   213
262   384
262   469
262   481
262   618
262   678
262   780
451   114
451   474
451   491
451   492
604   114
753   114
802   114
173   115
173   238
173   243
173   602
173   788
174   115
174   222
174   223
174   239
174   240
174   633
174   652
175   115
175   228
175   295
176   115
176   151
176   591
179   115
179   241
180   115
180   165
181   115
181   242
181   307
181   389
181   440
181   457
362   115
362   220
362   319
362   344
362   696
504   115
504   627
233   116
233   167
233   700
505   116
505   635
505   642
807   116
182   117
182   132
182   215
183   117
183   243
183   690
333   117
333   283
333   351
333   352
333   353
333   739
452   117
452   440
452   441
452   485
452   551
452   788
474   117
474   219
474   389
474   446
474   447
474   448
474   449
474   450
474   451
474   531
474   818
220   119
220   152
220   272
220   273
220   274
220   275
220   276
220   277
220   278
220   279
220   280
220   281
220   282
220   283
220   284
220   285
220   286
220   287
220   362
584   119
584   374
584   425
729   119
729   137
729   167
729   261
729   263
729   277
729   432
729   535
406   120
406   189
406   318
406   403
406   404
406   437
187   122
187   150
187   216
187   356
187   418
187   589
187   590
187   630
187   668
187   669
609   122
188   123
188   244
188   396
188   397
189   124
189   131
189   152
189   245
189   404
189   406
189   472
189   610
189   798
190   125
190   126
190   246
190   247
190   248
190   249
190   250
190   489
190   818
515   125
515   299
515   471
515   472
515   680
515   681
515   744
515   805
713   126
192   127
192   251
192   707
193   128
193   129
193   252
194   128
194   253
194   531
197   128
197   254
197   531
198   129
198   212
198   533
199   129
199   155
199   255
199   256
199   792
351   129
351   321
351   333
351   370
351   371
351   592
767   130
767   131
767   132
767   134
767   135
767   494
201   131
201   257
202   131
202   140
202   245
202   218
202   554
203   131
203   258
203   738
204   133
204   134
204   259
204   249
204   536
204   808
206   136
206   225
206   270
206   356
206   391
206   526
206   576
206   629
330   136
330   277
621   136
207   137
207   159
207   160
207   260
208   138
208   155
208   536
242   138
242   181
242   303
242   304
242   305
242   284
242   466
242   579
255   138
255   199
255   301
398   138
398   304
398   392
398   426
398   784
625   138
209   141
209   261
210   142
210   225
210   497
212   146
212   198
212   238
212   494
212   546
213   146
213   262
215   146
215   182
215   268
216   146
216   187
216   264
216   268
216   267
216   598
217   146
217   269
217   317
217   358
217   804
269   146
269   217
269   240
269   327
269   384
218   147
218   202
218   270
218   413
218   425
219   148
219   153
219   270
219   271
219   474
219   553
260   152
260   207
260   695
364   152
364   344
364   696
616   152
397   153
397   188
397   332
397   392
397   393
397   403
408   153
408   404
408   415
473   153
473   521
473   815
477   153
477   532
484   153
484   543
484   752
487   153
487   549
487   667
487   783
562   153
698   153
699   153
726   153
748   153
816   153
222   155
222   174
222   291
522   155
522   695
759   155
680   156
680   254
680   514
680   515
746   156
746   254
746   309
786   157
226   159
226   293
227   159
227   294
227   588
227   749
227   823
228   159
228   175
228   295
229   159
229   296
229   284
230   159
230   225
809   160
809   326
809   347
256   161
256   199
256   815
311   161
311   248
311   740
339   161
339   292
339   414
339   483
340   161
340   293
340   345
386   161
386   371
436   161
436   434
436   549
479   161
479   533
479   572
672   161
673   161
231   162
231   297
355   162
355   336
232   164
232   184
232   297
232   247
232   399
279   166
279   220
279   359
593   166
814   166
709   168
313   169
313   253
313   305
313   346
313   754
722   169
236   171
236   298
236   387
236   626
236   670
824   171
237   172
237   299
238   173
238   212
238   214
238   300
238   597
243   173
243   183
243   306
243   478
243   736
602   173
788   173
788   259
788   452
788   467
788   541
240   174
240   301
240   269
633   174
633   177
652   174
652   292
295   175
295   228
295   524
591   176
634   177
634   291
241   179
241   302
241   334
241   448
307   181
307   245
307   600
389   181
389   379
389   474
440   181
440   452
457   181
457   500
457   502
441   185
441   433
441   452
441   573
589   187
590   187
630   187
668   187
669   187
245   189
245   202
245   307
245   308
245   309
245   552
245   640
472   189
472   444
472   445
472   515
610   189
798   189
247   190
247   232
247   310
248   190
248   311
248   294
248   329
248   790
248   791
249   190
249   204
249   312
249   470
489   190
489   561
489   815
818   190
818   474
818   493
577   191
577   259
577   438
577   443
577   467
251   192
251   298
251   283
251   367
251   465
251   740
251   817
707   192
252   193
252   225
252   592
253   194
253   313
253   314
253   592
254   197
254   271
254   680
254   746
792   199
257   201
257   315
257   294
257   431
257   619
257   730
554   202
258   203
258   316
258   331
738   203
259   204
259   317
259   577
259   788
808   204
270   206
270   218
270   219
391   206
391   381
391   382
526   206
526   696
576   206
629   206
261   209
261   318
261   729
369   211
369   350
369   410
370   211
370   351
370   384
370   385
370   529
370   558
370   755
494   212
494   583
494   718
494   767
546   212
546   815
263   214
263   319
263   264
263   378
263   439
263   729
264   214
264   216
264   263
264   282
265   214
265   320
265   827
266   214
266   321
266   357
266   811
267   214
267   216
267   322
267   323
537   214
537   758
537   797
541   214
541   788
541   789
268   215
268   216
268   324
598   216
317   217
317   259
317   425
358   217
358   336
358   664
804   217
271   219
271   254
271   325
271   653
271   751
271   829
553   219
273   220
273   326
276   220
276   225
280   220
280   332
280   666
283   220
283   251
283   333
288   221
288   334
290   221
290   225
290   349
290   416
290   559
290   617
290   623
290   742
512   221
512   462
512   463
512   663
512   815
734   221
292   225
292   339
292   652
443   225
443   458
443   577
293   226
293   340
293   318
293   612
293   659
294   227
294   248
294   257
294   427
294   615
294   736
588   227
749   227
823   227
296   229
296   277
296   341
296   547
296   611
399   232
399   394
399   736
399   825
700   233
658   234
298   236
298   251
298   341
298   828
387   236
387   371
387   797
626   236
670   236
597   238
301   240
301   255
301   321
301   372
301   737
334   241
334   288
334   291
334   322
334   812
448   241
448   474
579   242
478   243
478   532
600   244
600   307
600   500
600   501
308   245
308   343
308   650
308   815
552   245
640   245
585   246
310   247
310   344
310   719
310   721
329   248
329   277
790   248
791   248
312   249
312   345
367   251
367   345
465   251
465   513
740   251
740   311
740   416
817   251
592   252
592   253
592   351
592   352
592   353
592   495
592   496
592   497
592   498
314   253
314   304
314   343
315   257
315   347
315   348
315   344
315   733
315   762
431   257
431   425
619   257
730   257
318   261
318   293
318   406
318   560
469   262
469   514
469   524
481   262
481   388
481   535
481   696
481   702
618   262
678   262
780   262
378   263
378   356
378   732
378   793
378   794
827   265
321   266
321   301
321   351
321   728
357   266
357   336
357   381
322   267
322   332
322   334
322   336
323   267
323   349
324   268
324   300
324   750
324   821
327   269
327   277
325   271
325   350
653   271
751   271
829   271
565   272
410   274
410   369
410   405
410   412
410   413
410   476
686   274
686   413
686   516
392   277
392   381
392   383
392   397
392   398
723   278
723   530
723   534
359   279
359   341
359   815
666   280
666   480
375   282
375   354
375   691
543   284
543   484
543   485
543   811
725   287
674   289
349   290
349   323
349   414
349   766
416   290
416   411
416   739
416   740
559   290
617   290
623   290
742   290
612   293
427   294
427   425
615   294
524   295
524   469
524   696
341   296
341   297
341   298
341   359
547   296
547   815
611   296
538   297
538   763
681   297
681   309
681   316
681   514
681   515
828   298
735   300
826   300
372   301
372   352
372   385
737   301
352   302
352   333
352   372
352   373
352   592
352   815
342   304
342   360
342   771
650   308
744   309
744   515
344   310
344   315
344   362
344   363
344   364
344   365
344   503
344   594
344   642
721   310
345   312
345   340
345   366
345   367
345   368
345   763
754   313
733   315
762   315
676   316
676   396
682   316
560   318
414   320
414   339
414   349
414   388
414   411
414   420
414   421
414   422
717   320
728   321
750   324
821   324
821   519
350   325
350   369
810   326
654   332
757   332
353   333
353   374
353   384
353   592
739   333
739   416
354   336
354   375
354   376
483   339
483   540
771   342
503   344
503   624
503   764
594   344
642   344
642   434
642   505
642   507
642   508
671   346
766   349
371   351
371   386
371   387
371   518
373   352
373   388
373   813
379   356
379   389
379   586
379   628
379   731
379   793
380   356
380   390
380   727
380   731
507   356
507   642
664   358
664   513
509   361
509   659
509   800
519   361
519   690
519   821
696   362
696   364
696   365
696   481
696   508
696   524
696   525
696   526
696   527
382   363
382   391
382   508
383   365
383   392
383   413
383   497
703   365
385   370
385   372
385   769
529   370
529   705
529   815
558   370
755   370
518   371
518   690
388   373
388   395
388   414
388   461
388   481
813   373
691   375
732   378
793   378
793   379
794   378
586   379
628   379
731   379
731   380
390   380
390   396
390   454
390   712
727   380
393   381
393   397
393   555
394   381
394   399
394   645
508   382
508   642
508   696
769   385
395   388
395   400
395   567
461   388
461   502
461   533
461   572
454   390
454   442
454   497
712   390
555   393
645   394
402   396
402   405
402   531
764   396
764   503
764   517
403   397
403   406
426   398
426   425
784   398
825   399
663   400
663   511
663   512
411   405
411   414
411   415
411   416
437   405
437   406
437   435
437   605
476   405
476   410
476   531
704   405
415   407
415   408
415   411
415   815
460   413
460   502
460   572
460   774
643   413
646   413
655   413
420   414
420   423
420   424
421   414
421   425
422   414
422   425
423   420
423   425
428   425
428   433
429   425
429   434
430   425
430   435
434   429
434   436
434   642
490   432
490   453
490   567
490   715
482   435
482   536
516   435
516   685
516   686
599   435
720   435
605   437
442   438
442   453
442   454
442   455
442   530
442   659
442   687
442   688
575   438
601   438
450   439
450   474
573   441
453   442
453   490
453   656
455   442
455   497
530   442
530   706
530   708
530   723
687   442
688   442
458   443
458   501
458   502
724   444
510   445
510   662
488   447
488   561
491   451
491   572
492   451
492   572
485   452
485   543
551   452
551   815
656   453
500   457
500   600
502   457
502   458
502   459
502   460
502   461
502   622
502   649
501   458
501   600
501   819
574   459
513   464
513   465
513   664
513   815
765   468
521   473
521   695
532   477
532   478
532   715
534   480
534   723
564   480
535   481
535   729
535   801
702   481
702   528
540   483
540   778
752   484
548   486
548   815
667   487
561   488
561   489
581   493
583   494
718   494
692   495
692   520
596   499
819   501
622   502
624   503
627   504
635   505
800   509
745   514
805   515
685   516
705   529
706   530
708   530
801   535
758   536
758   537
789   541
799   542
