0   167
0   405
0   845
0   1103
0   1168
1   843
1   939
1   1682
2   1028
2   1113
2   1426
3   1048
4   1153
4   1663
4   1676
5   809
5   855
5   1169
5   1224
6   1242
7   838
7   839
8   670
8   674
8   1400
9   372
9   600
10   1635
11   1215
12   760
13   252
13   405
14   1600
15   355
16   220
16   514
16   558
17   1280
18   50
18   218
18   314
18   1344
18   1492
18   1593
19   134
20   332
20   513
20   668
20   1544
21   722
21   1242
21   1697
22   24
23   312
23   585
23   1526
24   22
24   131
24   553
24   1013
24   1211
25   1236
26   899
27   1191
28   382
28   670
28   1223
28   1235
29   1183
30   452
30   771
30   832
30   1236
31   108
31   787
31   964
31   1121
31   1302
32   839
32   937
32   956
33   103
33   412
33   615
33   975
33   1001
33   1481
33   1636
34   1313
35   362
35   453
35   727
35   838
35   897
36   54
36   424
36   553
36   1333
37   981
37   1072
38   417
38   1352
39   1402
40   156
40   725
40   767
40   826
40   932
41   198
41   343
41   566
41   860
41   878
42   213
42   474
42   595
42   628
42   778
42   1288
43   351
43   682
43   1190
44   245
44   625
44   1201
44   1410
45   1541
46   267
46   704
46   840
47   238
47   895
47   1046
48   66
48   509
48   824
49   759
49   819
49   1619
50   18
50   1641
51   288
51   1374
52   319
52   891
52   1271
52   1282
52   1363
52   1614
53   246
53   418
53   494
53   568
53   1233
54   36
54   105
54   193
55   114
55   417
55   766
55   822
55   1129
56   869
57   1252
58   607
59   389
59   568
59   731
59   852
59   1050
59   1388
59   1587
60   381
60   529
60   747
60   758
60   950
60   1685
61   203
61   812
61   1324
62   410
62   1044
62   1196
62   1384
62   1599
63   559
64   907
65   491
65   978
65   1296
65   1499
66   48
66   800
66   803
66   1041
66   1234
67   512
68   172
68   970
68   1129
69   462
69   682
69   985
69   1127
70   1006
70   1042
71   477
71   532
71   1334
72   778
73   199
73   533
74   196
74   295
74   1131
74   1268
74   1481
74   1523
75   684
75   1353
75   1551
76   155
76   829
77   1333
78   1399
78   1463
79   686
79   1526
80   297
80   680
81   1423
82   133
82   1431
83   479
83   1492
84   427
84   606
84   979
85   822
85   1173
85   1292
86   390
86   1213
87   344
87   669
87   1023
87   1100
87   1550
88   379
88   610
88   1243
88   1696
89   157
89   593
90   153
90   581
90   967
90   1159
90   1259
91   269
91   505
91   759
91   1606
92   273
92   420
92   1011
92   1216
92   1326
92   1456
93   267
93   689
94   1405
95   1014
96   714
97   878
97   1580
98   720
98   1030
99   752
99   1028
99   1416
100   925
100   1183
101   785
102   772
102   850
102   1208
102   1618
103   33
103   290
103   521
103   1095
104   534
104   961
104   1560
105   54
106   1227
107   631
107   904
107   1373
108   31
108   119
108   649
108   1419
109   471
109   715
109   1161
110   1064
110   1536
111   206
111   932
111   988
112   451
112   508
112   528
113   1234
113   1377
113   1391
114   55
115   346
115   732
115   873
115   1496
116   416
116   1424
117   524
117   896
117   1261
118   1052
118   1126
119   108
119   215
119   1370
120   443
121   499
121   1596
121   1659
122   686
122   737
123   635
124   187
124   434
124   1209
125   942
126   229
127   136
127   143
127   804
127   831
127   1460
128   285
128   1057
128   1074
129   768
130   1613
131   24
131   238
131   877
132   1550
133   82
133   294
133   1138
133   1497
134   19
135   579
136   127
136   1164
136   1417
137   196
137   925
137   1077
137   1224
138   271
138   824
139   542
139   654
139   1195
139   1245
139   1246
139   1476
140   526
140   679
141   897
141   1066
141   1128
141   1292
142   427
142   709
142   904
142   1144
142   1638
143   127
143   546
143   1119
144   968
144   1505
145   662
146   152
146   219
146   902
146   979
146   1608
147   1376
148   574
148   737
148   1003
148   1284
149   474
149   1692
150   231
151   1104
151   1668
152   146
152   381
153   90
153   223
153   256
153   899
154   410
154   419
154   503
154   562
155   76
155   937
156   40
156   602
157   89
157   374
157   606
158   195
158   451
158   564
158   1265
158   1427
159   508
159   1209
159   1243
160   694
160   916
161   477
161   1311
161   1637
162   942
162   1500
163   942
163   985
163   1099
163   1168
164   811
164   1167
164   1677
165   1282
166   1121
166   1406
166   1579
167   0
167   720
168   1379
169   510
170   902
170   1643
171   205
172   68
172   1089
172   1110
173   464
173   1243
174   303
174   808
175   1312
175   1659
176   721
177   237
177   438
177   1360
177   1632
178   1257
178   1303
179   816
179   847
179   1196
179   1604
180   1274
180   1613
181   751
182   563
182   567
182   568
182   993
182   1629
183   553
183   1568
184   1252
185   438
185   517
185   702
185   1096
186   652
186   739
186   1262
187   124
188   932
188   1002
188   1429
189   588
190   612
190   687
191   1519
192   960
192   1394
193   54
193   727
194   706
194   1090
194   1212
195   158
195   372
195   408
195   1676
196   74
196   137
196   620
197   978
197   1156
197   1312
198   41
198   990
199   73
199   905
199   1129
200   621
200   917
200   949
201   445
201   853
202   984
202   1155
202   1522
202   1582
203   61
203   689
203   805
203   1135
204   863
204   1411
205   171
205   392
205   775
205   1216
206   111
206   880
207   630
207   1690
208   209
208   302
208   691
208   739
208   914
208   1565
209   208
209   327
209   512
209   932
209   1226
210   1085
210   1123
210   1410
210   1526
211   291
211   691
211   1183
211   1416
212   1249
212   1647
213   42
213   378
213   733
214   539
214   813
214   1642
215   119
215   1076
216   1142
217   258
217   479
217   1685
218   18
218   658
218   1410
218   1522
219   146
219   1475
220   16
220   837
221   447
221   693
221   1274
221   1614
222   776
223   153
223   1408
224   482
224   631
225   1397
225   1674
226   897
226   1417
226   1555
227   590
227   859
227   945
227   1466
227   1531
227   1671
228   359
228   463
228   519
228   1125
229   126
229   1190
230   1018
231   150
231   761
231   1365
231   1480
232   262
232   416
232   432
232   756
232   1101
232   1473
233   540
233   903
233   1366
233   1397
234   717
234   1580
235   522
236   375
236   384
236   405
236   861
237   177
237   386
237   403
237   1566
238   47
238   131
238   282
239   1065
239   1246
240   591
240   987
241   329
241   1400
241   1627
242   732
242   797
242   1570
243   1103
243   1591
243   1654
244   945
244   1020
244   1195
245   44
246   53
246   360
246   616
247   1243
247   1471
247   1634
248   332
248   892
249   1359
249   1512
250   1457
251   1661
252   13
252   1064
252   1230
253   675
253   1138
254   312
255   938
255   955
255   1594
256   153
256   791
256   1063
256   1286
257   947
258   217
258   680
258   1019
258   1426
259   271
259   274
259   512
259   1615
260   519
260   607
261   832
261   1207
262   232
262   334
263   1580
264   468
264   1589
265   1000
266   945
266   1007
267   46
267   93
267   302
267   1192
268   611
269   91
270   873
270   1126
270   1456
271   138
271   259
271   345
271   603
271   1407
272   1101
273   92
273   736
273   852
273   1002
273   1046
274   259
275   1065
276   1320
277   1295
278   941
278   1241
279   605
279   1488
280   459
280   1566
281   994
282   238
283   362
283   1524
284   1676
285   128
285   379
285   381
285   1601
286   624
287   1525
288   51
288   623
289   841
289   964
289   1036
289   1037
289   1668
290   103
290   981
291   211
292   1340
292   1511
293   519
293   590
294   133
294   910
294   1480
295   74
296   538
296   750
296   1515
297   80
297   565
297   1075
298   1381
299   672
299   947
299   1267
299   1687
300   773
301   500
302   208
302   267
302   569
302   1404
303   174
303   1242
303   1337
304   834
305   388
305   1586
305   1694
306   358
306   645
306   1198
307   447
307   1319
307   1482
308   361
308   584
308   1227
309   1236
309   1290
310   471
310   1290
311   1556
312   23
312   254
312   741
312   790
312   1258
312   1314
313   986
314   18
314   826
314   1414
314   1491
315   748
316   318
316   683
317   1621
318   316
318   398
319   52
319   407
319   798
319   1085
320   573
320   1004
320   1252
321   674
322   325
322   1510
323   673
323   814
323   1586
324   860
324   1006
324   1053
325   322
325   747
325   1285
326   811
326   849
326   1086
326   1243
326   1427
326   1464
327   209
327   430
327   1524
328   575
328   1462
328   1517
328   1592
329   241
329   501
329   844
329   851
329   1076
329   1574
330   521
330   608
330   753
330   866
331   808
332   20
332   248
332   692
332   890
332   1338
332   1668
333   732
333   1035
333   1107
334   262
334   958
334   1051
334   1196
334   1375
334   1593
335   568
335   631
335   1479
336   361
336   1450
337   397
337   1086
338   537
338   982
338   1053
338   1222
338   1444
339   673
339   1014
339   1393
339   1590
340   1024
341   1115
342   1004
342   1010
343   41
343   888
343   1111
344   87
344   538
344   912
344   1057
345   271
345   518
345   837
345   1439
345   1583
346   115
346   1348
347   437
347   793
347   1656
348   664
348   1262
348   1528
348   1562
349   866
349   1598
350   398
350   797
351   43
351   360
351   692
351   705
351   802
351   1434
352   491
352   874
352   951
352   1451
352   1549
353   471
353   634
353   1037
354   481
354   851
354   1003
354   1354
354   1415
355   15
356   431
356   683
356   843
356   1405
357   1670
358   306
358   525
358   1056
358   1275
359   228
359   1101
359   1136
360   246
360   351
360   1270
361   308
361   336
361   446
362   35
362   283
362   944
362   1543
363   760
364   648
364   872
365   526
366   411
366   508
366   518
367   695
368   407
369   1208
369   1358
370   694
370   1239
371   1063
371   1120
372   9
372   195
372   612
372   1192
372   1307
372   1448
373   710
373   1243
374   157
374   769
374   1046
374   1586
375   236
375   490
376   793
377   550
377   1104
377   1440
377   1464
378   213
378   519
378   1116
378   1189
378   1542
379   88
379   285
379   1516
380   609
380   1018
380   1441
381   60
381   152
381   285
381   1394
382   28
382   618
382   764
382   1157
382   1166
382   1258
383   714
383   769
383   867
384   236
384   741
385   699
385   855
386   237
386   1444
387   523
387   620
387   929
388   305
388   1318
389   59
389   660
389   1045
390   86
390   1094
391   502
391   590
391   696
391   1402
392   205
392   663
392   824
392   841
392   911
392   1413
392   1687
393   925
393   1121
394   500
395   737
395   778
396   615
396   1109
396   1391
396   1653
397   337
397   611
397   942
398   318
398   350
398   993
398   1308
399   856
399   1073
400   1474
401   938
401   1175
402   761
402   1249
403   237
403   853
403   1136
404   1464
405   0
405   13
405   236
405   625
405   1270
406   641
406   782
406   1171
407   319
407   368
407   726
408   195
408   651
408   1217
409   1482
410   62
410   154
410   457
410   1432
411   366
411   780
411   1525
411   1665
412   33
412   582
412   896
412   1268
412   1353
413   473
413   649
413   803
414   1408
415   1131
416   116
416   232
416   857
416   1048
416   1402
416   1489
417   38
417   55
417   504
417   1016
417   1485
418   53
418   1194
419   154
419   487
419   514
419   551
419   1223
419   1601
420   92
420   1411
421   786
421   1398
422   1608
423   1188
424   36
424   548
424   1493
425   1006
425   1453
426   638
426   1358
427   84
427   142
428   454
428   1619
429   554
429   1345
430   327
430   534
430   626
431   356
432   232
432   893
432   1097
433   1609
434   124
434   1092
434   1573
435   738
435   1252
436   1213
436   1607
437   347
437   867
437   943
437   1435
438   177
438   185
439   951
440   1168
440   1285
441   1031
441   1108
441   1279
441   1585
442   1464
443   120
444   958
444   1164
445   201
445   1262
446   361
447   221
447   307
447   657
447   749
448   1400
449   905
450   1151
450   1503
450   1563
451   112
451   158
451   506
451   1051
451   1118
451   1127
451   1462
452   30
452   698
452   1074
453   35
453   934
454   428
454   783
454   1076
455   535
455   1120
456   541
456   1284
457   410
457   457
457   1090
457   1454
457   1666
457   1692
458   834
458   1185
458   1196
458   1641
459   280
459   879
459   912
459   1389
460   631
460   992
460   1038
460   1527
461   854
462   69
462   535
462   1425
462   1697
463   228
463   721
463   883
463   984
463   1184
464   173
465   1201
465   1280
466   530
466   1154
467   1150
468   264
468   888
469   1459
469   1697
470   859
470   1141
471   109
471   310
471   353
471   1554
471   1640
472   508
472   1197
472   1299
473   413
474   42
474   149
475   974
475   1336
475   1359
475   1509
476   593
477   71
477   161
477   685
477   1323
478   1309
478   1458
478   1492
479   83
479   217
479   1518
480   1038
480   1431
480   1585
481   354
481   1327
482   224
482   1419
483   510
483   1304
484   1050
485   1299
486   1161
487   419
487   1246
487   1524
488   558
488   843
489   1695
490   375
490   606
490   1303
490   1378
491   65
491   352
491   729
491   1043
491   1175
491   1521
492   959
492   1090
492   1266
493   968
493   1573
493   1696
494   53
494   497
494   775
494   1235
494   1412
495   763
495   850
496   739
496   891
496   1374
496   1435
497   494
497   978
498   835
499   121
500   301
500   394
500   512
500   1034
500   1086
500   1238
501   329
501   702
501   1017
501   1414
502   391
502   1091
502   1178
503   154
503   634
503   906
503   1568
504   417
504   863
504   1374
504   1546
505   91
506   451
506   626
506   1062
506   1103
506   1398
507   1610
508   112
508   159
508   366
508   472
508   1125
509   48
509   545
510   169
510   483
510   631
510   996
511   1291
511   1667
512   67
512   209
512   259
512   500
512   1022
512   1397
513   20
513   1065
514   16
514   419
514   1089
514   1212
514   1529
515   1536
516   857
516   1377
516   1583
517   185
517   949
517   1513
518   345
518   366
518   1365
519   228
519   260
519   293
519   378
519   1403
520   1345
521   103
521   330
521   666
521   872
521   1272
522   235
522   1275
523   387
523   552
524   117
524   613
524   1617
525   358
526   140
526   365
526   1510
527   1386
528   112
529   60
529   532
529   845
529   887
529   1605
530   466
530   1226
530   1668
531   1316
532   71
532   529
532   887
532   1379
532   1421
533   73
534   104
534   430
534   596
535   455
535   462
535   1008
536   872
536   935
536   1145
536   1256
537   338
537   1651
538   296
538   344
538   820
538   1183
538   1588
539   214
540   233
540   808
541   456
541   922
541   1126
542   139
542   1494
543   1559
544   680
545   509
546   143
546   778
547   1395
548   424
548   772
548   1275
549   752
549   778
549   799
550   377
550   639
550   959
550   1620
551   419
552   523
552   559
552   1232
552   1331
553   24
553   36
553   183
553   893
553   1086
553   1131
554   429
554   1044
554   1411
555   601
555   637
555   646
556   728
557   1378
558   16
558   488
558   1109
559   63
559   552
559   1491
560   1009
561   615
561   687
562   154
563   182
563   890
563   1437
564   158
564   883
564   998
564   1143
564   1437
565   297
565   1644
566   41
566   1283
566   1566
566   1616
566   1691
567   182
567   1378
568   53
568   59
568   182
568   335
568   921
568   1195
569   302
570   1090
571   799
572   1106
572   1508
573   320
573   1588
574   148
574   971
574   1345
575   328
575   1286
575   1345
576   997
576   1263
576   1396
577   1673
578   1150
579   135
579   736
579   997
579   1038
579   1295
580   627
580   674
580   1470
581   90
581   667
582   412
583   1277
584   308
584   727
584   1368
584   1437
585   23
585   615
585   1365
586   1697
587   1182
588   189
588   589
588   1581
589   588
590   227
590   293
590   391
590   1005
590   1187
590   1206
590   1299
591   240
591   1267
592   643
592   841
592   853
593   89
593   476
593   722
594   835
594   1024
595   42
595   1377
596   534
596   1152
596   1290
597   670
597   1004
597   1025
598   789
598   832
598   837
598   1328
599   1287
600   9
600   699
601   555
601   604
601   660
601   661
601   712
601   1455
602   156
602   933
602   1114
602   1122
602   1253
603   271
603   1106
603   1552
604   601
604   780
604   1104
605   279
605   867
605   1310
606   84
606   157
606   490
606   875
606   1379
607   58
607   260
607   1403
608   330
608   1133
609   380
609   630
610   88
610   1184
611   268
611   397
611   889
612   190
612   372
612   1051
613   524
613   737
613   894
614   1172
615   33
615   396
615   561
615   585
615   1624
616   246
617   637
618   382
618   690
619   1266
620   196
620   387
621   200
621   1331
621   1552
622   1105
622   1340
623   288
623   1392
624   286
624   736
624   1370
624   1461
624   1540
624   1659
625   44
625   405
625   762
626   430
626   506
626   786
627   580
627   1292
628   42
628   690
628   969
629   1086
630   207
630   609
630   1147
630   1336
631   107
631   224
631   335
631   460
631   510
631   969
632   1127
632   1608
633   910
633   1451
634   353
634   503
634   680
634   1177
635   123
635   1587
636   1608
637   555
637   617
638   426
639   550
639   1289
640   1343
641   406
642   1061
643   592
643   1183
644   825
644   1083
644   1166
644   1409
645   306
646   555
647   780
647   781
648   364
648   1278
648   1560
649   108
649   413
650   1634
651   408
651   762
651   1692
652   186
652   943
652   1563
653   1467
653   1522
653   1536
654   139
654   765
654   1678
655   698
655   868
655   1428
656   785
656   1559
657   447
657   1566
658   218
658   824
658   1307
659   1094
659   1524
660   389
660   601
661   601
661   781
661   920
661   1144
661   1368
662   145
663   392
664   348
664   1215
664   1352
665   1150
665   1188
666   521
666   1437
666   1569
667   581
667   1476
668   20
669   87
669   1272
669   1495
670   8
670   28
670   597
670   876
670   1337
671   1223
672   299
672   1004
673   323
673   339
673   735
673   1179
674   8
674   321
674   580
674   1360
674   1390
674   1435
675   253
675   938
676   929
677   1088
677   1472
678   948
679   140
679   701
680   80
680   258
680   544
680   634
680   1247
680   1515
680   1683
681   1166
681   1502
682   43
682   69
682   1047
682   1504
682   1635
683   316
683   356
684   75
684   865
685   477
685   1479
686   79
686   122
686   1130
686   1655
687   190
687   561
687   1236
688   874
688   1280
688   1639
688   1675
689   93
689   203
689   790
689   966
689   1248
689   1639
690   618
690   628
691   208
691   211
691   721
691   1407
692   332
692   351
692   946
692   947
692   1026
693   221
693   1492
694   160
694   370
694   1375
694   1567
695   367
696   391
696   738
696   1318
697   971
697   1153
698   452
698   655
698   1271
699   385
699   600
699   986
699   1057
700   1492
701   679
701   1084
702   185
702   501
703   1261
704   46
704   739
704   1251
705   351
705   1187
705   1299
706   194
706   1636
706   1663
707   1248
707   1268
707   1495
708   1022
708   1074
709   142
709   829
709   1102
709   1104
709   1152
710   373
710   1659
711   1239
712   601
713   971
714   96
714   383
714   1004
714   1383
715   109
715   734
715   793
716   1446
717   234
717   933
717   968
717   1639
718   894
718   1005
719   1067
719   1167
719   1265
719   1437
719   1518
719   1669
720   98
720   167
720   912
721   176
721   463
721   691
721   1527
721   1577
722   21
722   593
722   738
722   1130
723   1698
724   901
724   974
725   40
725   1517
726   407
727   35
727   193
727   584
728   556
728   1231
729   491
729   931
729   1384
730   1351
731   59
731   861
731   1066
731   1129
732   115
732   242
732   333
733   213
733   940
734   715
734   861
734   973
734   1039
735   673
735   1554
736   273
736   579
736   624
736   842
737   122
737   148
737   395
737   613
737   1466
737   1555
737   1587
737   1628
738   435
738   696
738   722
738   1233
738   1469
739   186
739   208
739   496
739   704
739   1230
740   1473
740   1557
741   312
741   384
741   891
741   1070
741   1121
741   1138
741   1415
741   1507
742   1247
743   1176
744   999
744   1284
745   877
746   1279
747   60
747   325
747   764
747   910
747   1286
747   1383
748   315
748   928
748   1056
749   447
749   1163
750   296
750   916
750   1516
751   181
751   893
751   1118
751   1339
752   99
752   549
752   1481
752   1647
753   330
753   1392
753   1668
754   1132
754   1305
755   1289
756   232
757   1338
758   60
758   785
758   1262
759   49
759   91
759   1484
759   1538
760   12
760   363
761   231
761   402
761   812
761   1203
761   1303
762   625
762   651
762   955
762   1144
763   495
764   382
764   747
764   1114
765   654
765   787
765   1040
766   55
766   1017
767   40
768   129
768   897
768   1668
769   374
769   383
769   1163
769   1179
769   1281
770   1125
771   30
771   1218
771   1486
772   102
772   548
772   1541
773   300
773   1611
774   1180
775   205
775   494
775   845
775   1124
776   222
777   1658
778   42
778   72
778   395
778   546
778   549
778   1060
779   871
779   1222
780   411
780   604
780   647
780   951
781   647
781   661
781   841
781   1425
781   1484
782   406
782   818
782   1146
782   1225
783   454
783   1669
784   811
784   1321
784   1347
784   1445
785   101
785   656
785   758
786   421
786   626
786   1297
786   1650
787   31
787   765
787   990
787   1468
788   1541
789   598
790   312
790   689
791   256
791   1111
791   1210
792   865
793   347
793   376
793   715
793   1002
793   1162
794   907
795   1086
795   1292
795   1303
795   1649
796   936
797   242
797   350
797   1026
798   319
799   549
799   571
800   66
801   1184
802   351
802   1233
803   66
803   413
804   127
804   1581
805   203
805   1081
806   1291
806   1342
806   1578
807   1060
807   1096
807   1616
808   174
808   331
808   540
808   1610
809   5
809   812
809   1239
810   1467
811   164
811   326
811   784
812   61
812   761
812   809
812   1067
812   1083
812   1103
813   214
814   323
815   829
816   179
816   1638
817   820
818   782
819   49
819   1229
820   538
820   817
821   1564
821   1696
822   55
822   85
822   1530
823   1627
824   48
824   138
824   392
824   658
824   1535
825   644
826   40
826   314
826   1566
827   1007
827   1368
827   1617
828   1584
828   1654
829   76
829   709
829   815
830   1284
830   1341
830   1467
831   127
832   30
832   261
832   598
832   1056
832   1388
832   1490
833   1172
833   1666
834   304
834   458
834   1090
834   1371
835   498
835   594
835   1546
836   1244
837   220
837   345
837   598
837   1400
837   1696
838   7
838   35
838   1343
838   1647
839   7
839   32
840   46
840   1103
840   1699
841   289
841   392
841   592
841   781
841   1474
842   736
842   1322
843   1
843   356
843   488
843   873
844   329
845   0
845   529
845   775
845   1135
845   1157
845   1207
845   1545
846   1041
847   179
847   994
848   1068
848   1138
848   1514
848   1660
848   1688
849   326
849   1572
850   102
850   495
850   1059
850   1339
850   1400
851   329
851   354
851   1131
852   59
852   273
852   906
853   201
853   403
853   592
853   1201
853   1501
853   1523
854   461
854   1295
854   1316
855   5
855   385
855   1548
856   399
856   932
856   1059
856   1378
857   416
857   516
857   1409
857   1568
858   942
858   1302
858   1439
859   227
859   470
859   1439
860   41
860   324
861   236
861   731
861   734
861   957
861   958
862   1140
862   1498
862   1499
863   204
863   504
864   1138
864   1281
865   684
865   792
865   1184
866   330
866   349
866   937
867   383
867   437
867   605
867   1039
867   1513
868   655
868   1096
869   56
869   1287
870   1022
870   1307
871   779
872   364
872   521
872   536
872   1539
872   1586
873   115
873   270
873   843
873   1407
874   352
874   688
875   606
875   1040
875   1118
876   670
876   1471
877   131
877   745
877   1164
878   41
878   97
879   459
879   900
879   955
879   1371
880   206
880   995
880   1098
880   1474
881   1421
882   1053
882   1303
882   1632
883   463
883   564
884   1139
885   1233
885   1550
886   1043
886   1205
887   529
887   532
887   1149
887   1298
888   343
888   468
889   611
890   332
890   563
891   52
891   496
891   741
891   902
891   1410
891   1681
892   248
893   432
893   553
893   751
893   894
894   613
894   718
894   893
894   1537
895   47
895   1003
895   1553
896   117
896   412
896   1102
896   1203
896   1545
896   1600
897   35
897   141
897   226
897   768
897   908
897   977
898   906
899   26
899   153
899   1199
900   879
901   724
902   146
902   170
902   891
903   233
903   1024
903   1670
904   107
904   142
904   1055
904   1142
904   1659
905   199
905   449
905   1412
906   503
906   852
906   898
906   1124
907   64
907   794
907   1135
908   897
909   1431
910   294
910   633
910   747
910   915
911   392
911   1399
911   1447
912   344
912   459
912   720
912   1039
913   1469
913   1640
914   208
915   910
915   1375
916   160
916   750
916   1328
916   1447
917   200
917   1360
918   1234
918   1440
919   1193
920   661
921   568
921   1025
922   541
922   1035
923   1097
924   1224
925   100
925   137
925   393
925   1085
925   1423
926   1418
926   1684
927   973
928   748
929   387
929   676
929   943
929   972
929   1296
929   1396
929   1699
930   1153
930   1438
931   729
932   40
932   111
932   188
932   209
932   856
932   1198
933   602
933   717
933   1472
934   453
934   1290
934   1348
935   536
936   796
936   1230
936   1604
937   32
937   155
937   866
937   971
937   1021
937   1307
937   1321
938   255
938   401
938   675
939   1
939   1645
940   733
940   1638
941   278
941   1576
942   125
942   162
942   163
942   397
942   858
943   437
943   652
943   929
943   1221
944   362
944   1249
945   227
945   244
945   266
945   1080
946   692
946   983
947   257
947   299
947   692
948   678
949   200
949   517
950   60
950   1236
951   352
951   439
951   780
951   1613
952   1090
952   1103
952   1153
953   1235
953   1434
954   1581
955   255
955   762
955   879
955   1031
955   1374
956   32
957   861
958   334
958   444
958   861
958   1109
959   492
959   550
960   192
960   1078
960   1088
961   104
962   1622
963   1087
963   1277
964   31
964   289
965   1163
966   689
966   1206
967   90
967   988
967   1258
968   144
968   493
968   717
968   1187
968   1424
969   628
969   631
969   1607
970   68
971   574
971   697
971   713
971   937
971   1293
972   929
972   1027
972   1054
972   1141
973   734
973   927
974   475
974   724
974   1675
975   33
975   1041
975   1669
976   1148
977   897
977   1168
977   1494
978   65
978   197
978   497
978   985
978   1580
979   84
979   146
980   1486
981   37
981   290
981   1354
981   1493
982   338
982   1169
982   1535
983   946
983   1283
984   202
984   463
984   1269
985   69
985   163
985   978
985   1158
985   1224
986   313
986   699
986   1424
986   1546
987   240
987   1121
987   1557
988   111
988   967
988   1699
989   1091
989   1326
990   198
990   787
990   1423
991   1041
991   1526
992   460
992   1497
992   1545
993   182
993   398
993   1133
993   1221
994   281
994   847
995   880
996   510
996   1690
997   576
997   579
998   564
998   1017
998   1114
999   744
999   1194
1000   265
1001   33
1001   1058
1001   1673
1002   188
1002   273
1002   793
1003   148
1003   354
1003   895
1003   1134
1003   1275
1004   320
1004   342
1004   597
1004   672
1004   714
1005   590
1005   718
1005   1588
1006   70
1006   324
1006   425
1007   266
1007   827
1008   535
1009   560
1009   1229
1009   1240
1010   342
1010   1086
1011   92
1011   1670
1012   1242
1013   24
1013   1378
1014   95
1014   339
1015   1477
1016   417
1017   501
1017   766
1017   998
1017   1180
1017   1695
1018   230
1018   380
1018   1174
1019   258
1020   244
1020   1693
1021   937
1021   1173
1021   1454
1021   1472
1021   1618
1022   512
1022   708
1022   870
1022   1301
1022   1588
1022   1639
1023   87
1024   340
1024   594
1024   903
1024   1246
1024   1369
1025   597
1025   921
1025   1279
1026   692
1026   797
1026   1199
1026   1519
1026   1539
1027   972
1027   1122
1027   1612
1028   2
1028   99
1029   1561
1030   98
1030   1399
1031   441
1031   955
1031   1341
1032   1042
1033   1613
1033   1656
1034   500
1035   333
1035   922
1035   1137
1035   1177
1035   1438
1036   289
1036   1144
1037   289
1037   353
1037   1137
1038   460
1038   480
1038   579
1039   734
1039   867
1039   912
1039   1485
1040   765
1040   875
1041   66
1041   846
1041   975
1041   991
1041   1309
1042   70
1042   1032
1042   1155
1042   1406
1043   491
1043   886
1043   1297
1044   62
1044   554
1044   1367
1044   1686
1045   389
1045   1109
1046   47
1046   273
1046   374
1047   682
1048   3
1048   416
1048   1081
1049   1420
1050   59
1050   484
1051   334
1051   451
1051   612
1051   1169
1051   1689
1052   118
1052   1202
1053   324
1053   338
1053   882
1054   972
1055   904
1056   358
1056   748
1056   832
1057   128
1057   344
1057   699
1058   1001
1059   850
1059   856
1059   1233
1060   778
1060   807
1060   1072
1061   642
1061   1134
1061   1253
1062   506
1062   1547
1063   256
1063   371
1064   110
1064   252
1064   1588
1065   239
1065   275
1065   513
1066   141
1066   731
1066   1648
1067   719
1067   812
1067   1469
1068   848
1068   1131
1068   1301
1068   1565
1069   1688
1070   741
1071   1079
1072   37
1072   1060
1072   1117
1073   399
1074   128
1074   452
1074   708
1074   1454
1075   297
1076   215
1076   329
1076   454
1076   1467
1077   137
1077   1555
1078   960
1079   1071
1079   1629
1080   945
1080   1327
1080   1458
1081   805
1081   1048
1081   1185
1081   1611
1082   1084
1082   1307
1082   1624
1083   644
1083   812
1083   1610
1084   701
1084   1082
1084   1571
1085   210
1085   319
1085   925
1085   1413
1085   1614
1085   1626
1086   326
1086   337
1086   500
1086   553
1086   629
1086   795
1086   1010
1087   963
1088   677
1088   960
1089   172
1089   514
1089   1387
1090   194
1090   457
1090   492
1090   570
1090   834
1090   952
1090   1213
1090   1231
1091   502
1091   989
1091   1227
1092   434
1092   1185
1093   1627
1094   390
1094   659
1094   1170
1095   103
1095   1561
1096   185
1096   807
1096   868
1097   432
1097   923
1097   1336
1097   1571
1098   880
1099   163
1099   1250
1100   87
1100   1488
1101   232
1101   272
1101   359
1101   1196
1102   709
1102   896
1103   0
1103   243
1103   506
1103   812
1103   840
1103   952
1103   1255
1103   1525
1104   151
1104   377
1104   604
1104   709
1105   622
1105   1226
1106   572
1106   603
1106   1361
1107   333
1108   441
1108   1440
1109   396
1109   558
1109   958
1109   1045
1109   1443
1110   172
1110   1190
1110   1393
1111   343
1111   791
1111   1665
1112   1635
1113   2
1113   1640
1114   602
1114   764
1114   998
1114   1578
1115   341
1115   1378
1116   378
1117   1072
1117   1297
1118   451
1118   751
1118   875
1118   1547
1119   143
1119   1255
1120   371
1120   455
1121   31
1121   166
1121   393
1121   741
1121   987
1121   1522
1122   602
1122   1027
1122   1248
1123   210
1123   1356
1124   775
1124   906
1124   1274
1124   1327
1125   228
1125   508
1125   770
1125   1155
1126   118
1126   270
1126   541
1126   1583
1127   69
1127   451
1127   632
1128   141
1128   1336
1129   55
1129   68
1129   199
1129   731
1130   686
1130   722
1131   74
1131   415
1131   553
1131   851
1131   1068
1132   754
1133   608
1133   993
1133   1228
1134   1003
1134   1061
1134   1412
1135   203
1135   845
1135   907
1135   1144
1135   1492
1136   359
1136   403
1137   1035
1137   1037
1137   1334
1137   1533
1138   133
1138   253
1138   741
1138   848
1138   864
1139   884
1140   862
1141   470
1141   972
1142   216
1142   904
1143   564
1143   1169
1144   142
1144   661
1144   762
1144   1036
1144   1135
1145   536
1145   1392
1146   782
1147   630
1147   1177
1147   1694
1148   976
1149   887
1150   467
1150   578
1150   665
1150   1490
1151   450
1152   596
1152   709
1153   4
1153   697
1153   930
1153   952
1153   1307
1153   1454
1154   466
1154   1526
1155   202
1155   1042
1155   1125
1156   197
1157   382
1157   845
1158   985
1159   90
1159   1426
1160   1162
1161   109
1161   486
1162   793
1162   1160
1162   1437
1163   749
1163   769
1163   965
1164   136
1164   444
1164   877
1165   1652
1166   382
1166   644
1166   681
1167   164
1167   719
1168   0
1168   163
1168   440
1168   977
1168   1185
1168   1502
1169   5
1169   982
1169   1051
1169   1143
1170   1094
1170   1541
1171   406
1171   1201
1172   614
1172   833
1172   1202
1173   85
1173   1021
1174   1018
1174   1241
1174   1465
1175   401
1175   491
1175   1379
1176   743
1176   1330
1176   1361
1176   1381
1177   634
1177   1035
1177   1147
1177   1322
1177   1518
1178   502
1178   1324
1178   1405
1179   673
1179   769
1179   1261
1180   774
1180   1017
1180   1333
1181   1242
1182   587
1182   1633
1183   29
1183   100
1183   211
1183   538
1183   643
1183   1627
1183   1635
1184   463
1184   610
1184   801
1184   865
1184   1401
1185   458
1185   1081
1185   1092
1185   1168
1186   1380
1187   590
1187   705
1187   968
1188   423
1188   665
1189   378
1189   1471
1190   43
1190   229
1190   1110
1190   1243
1190   1669
1191   27
1192   267
1192   372
1192   1342
1192   1441
1193   919
1193   1297
1193   1336
1194   418
1194   999
1194   1673
1195   139
1195   244
1195   568
1196   62
1196   179
1196   334
1196   458
1196   1101
1197   472
1197   1276
1198   306
1198   932
1198   1351
1199   899
1199   1026
1199   1603
1200   1672
1201   44
1201   465
1201   853
1201   1171
1201   1354
1202   1052
1202   1172
1202   1398
1202   1399
1203   761
1203   896
1204   1536
1205   886
1206   590
1206   966
1206   1681
1207   261
1207   845
1207   1215
1207   1248
1207   1607
1208   102
1208   369
1209   124
1209   159
1209   1319
1210   791
1211   24
1211   1503
1212   194
1212   514
1213   86
1213   436
1213   1090
1213   1477
1214   1495
1215   11
1215   664
1215   1207
1215   1586
1216   92
1216   205
1216   1479
1216   1512
1217   408
1217   1536
1217   1543
1218   771
1219   1419
1219   1579
1220   1529
1221   943
1221   993
1221   1625
1222   338
1222   779
1222   1662
1223   28
1223   419
1223   671
1223   1532
1223   1592
1224   5
1224   137
1224   924
1224   985
1224   1501
1224   1693
1225   782
1226   209
1226   530
1226   1105
1226   1289
1227   106
1227   308
1227   1091
1227   1388
1228   1133
1228   1260
1228   1577
1229   819
1229   1009
1230   252
1230   739
1230   936
1230   1684
1231   728
1231   1090
1231   1352
1231   1527
1231   1530
1232   552
1233   53
1233   738
1233   802
1233   885
1233   1059
1234   66
1234   113
1234   918
1235   28
1235   494
1235   953
1236   25
1236   30
1236   309
1236   687
1236   950
1236   1444
1236   1497
1237   1536
1238   500
1239   370
1239   711
1239   809
1239   1366
1239   1603
1240   1009
1241   278
1241   1174
1241   1646
1242   6
1242   21
1242   303
1242   1012
1242   1181
1243   88
1243   159
1243   173
1243   247
1243   326
1243   373
1243   1190
1244   836
1245   139
1246   139
1246   239
1246   487
1246   1024
1247   680
1247   742
1247   1340
1247   1597
1248   689
1248   707
1248   1122
1248   1207
1249   212
1249   402
1249   944
1250   1099
1251   704
1251   1483
1252   57
1252   184
1252   320
1252   435
1252   1435
1253   602
1253   1061
1253   1430
1253   1504
1253   1535
1253   1664
1253   1671
1254   1463
1254   1675
1255   1103
1255   1119
1256   536
1256   1483
1256   1575
1257   178
1258   312
1258   382
1258   967
1259   90
1260   1228
1260   1543
1261   117
1261   703
1261   1179
1262   186
1262   348
1262   445
1262   758
1263   576
1264   1335
1264   1394
1265   158
1265   719
1266   492
1266   619
1267   299
1267   591
1268   74
1268   412
1268   707
1268   1520
1269   984
1269   1377
1270   360
1270   405
1270   1374
1270   1629
1270   1671
1271   52
1271   698
1272   521
1272   669
1272   1388
1272   1623
1273   1384
1274   180
1274   221
1274   1124
1275   358
1275   522
1275   548
1275   1003
1276   1197
1276   1339
1277   583
1277   963
1278   648
1279   441
1279   746
1279   1025
1279   1359
1280   17
1280   465
1280   688
1280   1296
1281   769
1281   864
1281   1433
1282   52
1282   165
1283   566
1283   983
1284   148
1284   456
1284   744
1284   830
1285   325
1285   440
1285   1680
1286   256
1286   575
1286   747
1286   1338
1287   599
1287   869
1287   1351
1288   42
1288   1342
1288   1502
1288   1524
1289   639
1289   755
1289   1226
1290   309
1290   310
1290   596
1290   934
1290   1295
1290   1662
1291   511
1291   806
1292   85
1292   141
1292   627
1292   795
1293   971
1293   1626
1294   1309
1295   277
1295   579
1295   854
1295   1290
1295   1452
1295   1589
1296   65
1296   929
1296   1280
1297   786
1297   1043
1297   1117
1297   1193
1298   887
1299   472
1299   485
1299   590
1299   705
1300   1526
1301   1022
1301   1068
1301   1630
1302   31
1302   858
1303   178
1303   490
1303   761
1303   795
1303   882
1304   483
1305   754
1305   1557
1305   1685
1306   1403
1307   372
1307   658
1307   870
1307   937
1307   1082
1307   1153
1307   1615
1308   398
1309   478
1309   1041
1309   1294
1309   1462
1309   1520
1310   605
1311   161
1312   175
1312   197
1313   34
1314   312
1314   1329
1314   1367
1315   1445
1315   1591
1315   1666
1316   531
1316   854
1316   1323
1316   1336
1317   1357
1318   388
1318   696
1319   307
1319   1209
1320   276
1321   784
1321   937
1322   842
1322   1177
1323   477
1323   1316
1323   1687
1324   61
1324   1178
1324   1484
1325   1652
1326   92
1326   989
1326   1472
1326   1645
1327   481
1327   1080
1327   1124
1328   598
1328   916
1328   1450
1329   1314
1330   1176
1330   1417
1331   552
1331   621
1332   1578
1332   1626
1333   36
1333   77
1333   1180
1334   71
1334   1137
1334   1693
1335   1264
1336   475
1336   630
1336   1097
1336   1128
1336   1193
1336   1316
1337   303
1337   670
1337   1674
1338   332
1338   757
1338   1286
1339   751
1339   850
1339   1276
1340   292
1340   622
1340   1247
1341   830
1341   1031
1342   806
1342   1192
1342   1288
1342   1427
1342   1482
1342   1581
1343   640
1343   838
1343   1628
1344   18
1345   429
1345   520
1345   574
1345   575
1345   1628
1345   1634
1346   1361
1347   784
1348   346
1348   934
1349   1364
1350   1595
1351   730
1351   1198
1351   1287
1352   38
1352   664
1352   1231
1353   75
1353   412
1354   354
1354   981
1354   1201
1355   1645
1355   1678
1356   1123
1357   1317
1358   369
1358   426
1359   249
1359   475
1359   1279
1360   177
1360   674
1360   917
1360   1588
1361   1106
1361   1176
1361   1346
1361   1391
1361   1473
1361   1566
1361   1578
1362   1521
1363   52
1363   1601
1364   1349
1365   231
1365   518
1365   585
1365   1422
1366   233
1366   1239
1367   1044
1367   1314
1368   584
1368   661
1368   827
1368   1522
1369   1024
1369   1696
1370   119
1370   624
1371   834
1371   879
1372   1622
1373   107
1374   51
1374   496
1374   504
1374   955
1374   1270
1375   334
1375   694
1375   915
1375   1438
1376   147
1377   113
1377   516
1377   595
1377   1269
1378   490
1378   557
1378   567
1378   856
1378   1013
1378   1115
1378   1576
1379   168
1379   532
1379   606
1379   1175
1379   1442
1379   1688
1380   1186
1380   1412
1381   298
1381   1176
1382   1596
1383   714
1383   747
1384   62
1384   729
1384   1273
1385   1420
1386   527
1386   1668
1387   1089
1387   1589
1388   59
1388   832
1388   1227
1388   1272
1388   1597
1389   459
1390   674
1391   113
1391   396
1391   1361
1392   623
1392   753
1392   1145
1392   1611
1392   1668
1393   339
1393   1110
1394   192
1394   381
1394   1264
1394   1556
1395   547
1396   576
1396   929
1397   225
1397   233
1397   512
1398   421
1398   506
1398   1202
1399   78
1399   911
1399   1030
1399   1202
1400   8
1400   241
1400   448
1400   837
1400   850
1401   1184
1402   39
1402   391
1402   416
1402   1617
1403   519
1403   607
1403   1306
1403   1519
1404   302
1405   94
1405   356
1405   1178
1406   166
1406   1042
1406   1482
1407   271
1407   691
1407   873
1408   223
1408   414
1409   644
1409   857
1409   1541
1410   44
1410   210
1410   218
1410   891
1411   204
1411   420
1411   554
1412   494
1412   905
1412   1134
1412   1380
1413   392
1413   1085
1413   1646
1413   1678
1414   314
1414   501
1415   354
1415   741
1416   99
1416   211
1417   136
1417   226
1417   1330
1418   926
1419   108
1419   482
1419   1219
1420   1049
1420   1385
1421   532
1421   881
1421   1532
1421   1673
1422   1365
1423   81
1423   925
1423   990
1424   116
1424   968
1424   986
1424   1697
1425   462
1425   781
1425   1469
1426   2
1426   258
1426   1159
1427   158
1427   326
1427   1342
1428   655
1429   188
1430   1253
1430   1620
1431   82
1431   480
1431   909
1432   410
1433   1281
1433   1525
1434   351
1434   953
1434   1478
1435   437
1435   496
1435   674
1435   1252
1436   1443
1436   1630
1437   563
1437   564
1437   584
1437   666
1437   719
1437   1162
1438   930
1438   1035
1438   1375
1439   345
1439   858
1439   859
1440   377
1440   918
1440   1108
1441   380
1441   1192
1442   1379
1442   1657
1443   1109
1443   1436
1444   338
1444   386
1444   1236
1445   784
1445   1315
1446   716
1446   1591
1447   911
1447   916
1447   1602
1448   372
1449   1487
1450   336
1450   1328
1451   352
1451   633
1451   1583
1452   1295
1453   425
1453   1568
1454   457
1454   1021
1454   1074
1454   1153
1455   601
1456   92
1456   270
1457   250
1458   478
1458   1080
1459   469
1459   1576
1460   127
1461   624
1462   328
1462   451
1462   1309
1463   78
1463   1254
1464   326
1464   377
1464   404
1464   442
1465   1174
1466   227
1466   737
1467   653
1467   810
1467   830
1467   1076
1467   1618
1467   1694
1468   787
1468   1632
1469   738
1469   913
1469   1067
1469   1425
1470   580
1470   1634
1471   247
1471   876
1471   1189
1471   1679
1472   677
1472   933
1472   1021
1472   1326
1473   232
1473   740
1473   1361
1474   400
1474   841
1474   880
1475   219
1475   1614
1476   139
1476   667
1477   1015
1477   1213
1478   1434
1479   335
1479   685
1479   1216
1480   231
1480   294
1481   33
1481   74
1481   752
1482   307
1482   409
1482   1342
1482   1406
1483   1251
1483   1256
1484   759
1484   781
1484   1324
1485   417
1485   1039
1486   771
1486   980
1487   1449
1488   279
1488   1100
1488   1603
1489   416
1489   1558
1490   832
1490   1150
1491   314
1491   559
1492   18
1492   83
1492   478
1492   693
1492   700
1492   1135
1493   424
1493   981
1494   542
1494   977
1495   669
1495   707
1495   1214
1495   1516
1496   115
1497   133
1497   992
1497   1236
1498   862
1499   65
1499   862
1500   162
1501   853
1501   1224
1501   1667
1502   681
1502   1168
1502   1288
1503   450
1503   1211
1504   682
1504   1253
1505   144
1505   1636
1505   1684
1506   1560
1507   741
1507   1616
1508   572
1509   475
1510   322
1510   526
1511   292
1512   249
1512   1216
1513   517
1513   867
1514   848
1515   296
1515   680
1516   379
1516   750
1516   1495
1517   328
1517   725
1518   479
1518   719
1518   1177
1518   1648
1519   191
1519   1026
1519   1403
1520   1268
1520   1309
1521   491
1521   1362
1522   202
1522   218
1522   653
1522   1121
1522   1368
1523   74
1523   853
1524   283
1524   327
1524   487
1524   659
1524   1288
1524   1626
1525   287
1525   411
1525   1103
1525   1433
1525   1623
1526   23
1526   79
1526   210
1526   991
1526   1154
1526   1300
1527   460
1527   721
1527   1231
1528   348
1529   514
1529   1220
1530   822
1530   1231
1531   227
1532   1223
1532   1421
1533   1137
1534   1626
1535   824
1535   982
1535   1253
1536   110
1536   515
1536   653
1536   1204
1536   1217
1536   1237
1537   894
1538   759
1539   872
1539   1026
1540   624
1541   45
1541   772
1541   788
1541   1170
1541   1409
1541   1652
1541   1676
1542   378
1543   362
1543   1217
1543   1260
1544   20
1545   845
1545   896
1545   992
1545   1604
1546   504
1546   835
1546   986
1547   1062
1547   1118
1548   855
1549   352
1550   87
1550   132
1550   885
1551   75
1552   603
1552   621
1553   895
1553   1554
1554   471
1554   735
1554   1553
1555   226
1555   737
1555   1077
1556   311
1556   1394
1557   740
1557   987
1557   1305
1558   1489
1559   543
1559   656
1560   104
1560   648
1560   1506
1561   1029
1561   1095
1561   1667
1562   348
1563   450
1563   652
1563   1674
1564   821
1565   208
1565   1068
1566   237
1566   280
1566   566
1566   657
1566   826
1566   1361
1567   694
1568   183
1568   503
1568   857
1568   1453
1569   666
1570   242
1571   1084
1571   1097
1572   849
1573   434
1573   493
1574   329
1575   1256
1576   941
1576   1378
1576   1459
1577   721
1577   1228
1578   806
1578   1114
1578   1332
1578   1361
1578   1631
1579   166
1579   1219
1580   97
1580   234
1580   263
1580   978
1580   1628
1581   588
1581   804
1581   954
1581   1342
1582   202
1583   345
1583   516
1583   1126
1583   1451
1584   828
1584   1654
1585   441
1585   480
1586   305
1586   323
1586   374
1586   872
1586   1215
1587   59
1587   635
1587   737
1588   538
1588   573
1588   1005
1588   1022
1588   1064
1588   1360
1589   264
1589   1295
1589   1387
1590   339
1591   243
1591   1315
1591   1446
1592   328
1592   1223
1593   18
1593   334
1593   1698
1594   255
1594   1679
1595   1350
1596   121
1596   1382
1597   1247
1597   1388
1598   349
1598   1629
1599   62
1600   14
1600   896
1601   285
1601   419
1601   1363
1602   1447
1603   1199
1603   1239
1603   1488
1604   179
1604   936
1604   1545
1605   529
1606   91
1607   436
1607   969
1607   1207
1608   146
1608   422
1608   632
1608   636
1609   433
1610   507
1610   808
1610   1083
1611   773
1611   1081
1611   1392
1612   1027
1613   130
1613   180
1613   951
1613   1033
1613   1675
1614   52
1614   221
1614   1085
1614   1475
1615   259
1615   1307
1616   566
1616   807
1616   1507
1617   524
1617   827
1617   1402
1618   102
1618   1021
1618   1467
1618   1670
1619   49
1619   428
1619   1657
1620   550
1620   1430
1620   1633
1621   317
1621   1677
1622   962
1622   1372
1623   1272
1623   1525
1624   615
1624   1082
1625   1221
1626   1085
1626   1293
1626   1332
1626   1524
1626   1534
1627   241
1627   823
1627   1093
1627   1183
1628   737
1628   1343
1628   1345
1628   1580
1629   182
1629   1079
1629   1270
1629   1598
1630   1301
1630   1436
1630   1667
1631   1578
1632   177
1632   882
1632   1468
1633   1182
1633   1620
1634   247
1634   650
1634   1345
1634   1470
1635   10
1635   682
1635   1112
1635   1183
1636   33
1636   706
1636   1505
1637   161
1638   142
1638   816
1638   940
1639   688
1639   689
1639   717
1639   1022
1640   471
1640   913
1640   1113
1641   50
1641   458
1642   214
1643   170
1643   1678
1644   565
1645   939
1645   1326
1645   1355
1646   1241
1646   1413
1647   212
1647   752
1647   838
1647   1649
1648   1066
1648   1518
1649   795
1649   1647
1650   786
1651   537
1652   1165
1652   1325
1652   1541
1653   396
1654   243
1654   828
1654   1584
1655   686
1656   347
1656   1033
1657   1442
1657   1619
1658   777
1659   121
1659   175
1659   624
1659   710
1659   904
1660   848
1661   251
1662   1222
1662   1290
1663   4
1663   706
1663   1685
1664   1253
1665   411
1665   1111
1666   457
1666   833
1666   1315
1667   511
1667   1501
1667   1561
1667   1630
1668   151
1668   289
1668   332
1668   530
1668   753
1668   768
1668   1386
1668   1392
1669   719
1669   783
1669   975
1669   1190
1670   357
1670   903
1670   1011
1670   1618
1671   227
1671   1253
1671   1270
1672   1200
1673   577
1673   1001
1673   1194
1673   1421
1674   225
1674   1337
1674   1563
1675   688
1675   974
1675   1254
1675   1613
1676   4
1676   195
1676   284
1676   1541
1677   164
1677   1621
1678   654
1678   1355
1678   1413
1678   1643
1679   1471
1679   1594
1680   1285
1681   891
1681   1206
1682   1
1683   680
1684   926
1684   1230
1684   1505
1685   60
1685   217
1685   1305
1685   1663
1686   1044
1687   299
1687   392
1687   1323
1688   848
1688   1069
1688   1379
1689   1051
1690   207
1690   996
1691   566
1692   149
1692   457
1692   651
1693   1020
1693   1224
1693   1334
1694   305
1694   1147
1694   1467
1695   489
1695   1017
1696   88
1696   493
1696   821
1696   837
1696   1369
1697   21
1697   462
1697   469
1697   586
1697   1424
1698   723
1698   1593
1699   840
1699   929
1699   988
