0   0
0   3
0   4
0   8
0   10
0   12
0   13
0   14
0   15
0   19
0   25
0   26
0   27
1   1
1   3
1   4
1   5
1   8
1   10
1   13
1   20
1   21
1   22
1   24
1   26
1   27
2   2
2   3
2   6
2   9
2   10
2   11
2   12
2   13
2   15
2   18
2   19
2   21
2   22
2   24
2   25
2   27
3   0
3   1
3   2
3   5
3   6
3   7
3   9
3   10
3   12
3   14
3   15
3   16
3   17
3   19
3   20
3   22
3   25
3   26
3   27
4   0
4   1
4   5
4   6
4   7
4   8
4   9
4   12
4   14
4   15
4   17
4   20
4   23
4   24
4   27
5   1
5   3
5   4
5   7
5   9
5   11
5   16
5   19
5   21
5   23
5   26
5   27
6   2
6   3
6   4
6   6
6   7
6   9
6   10
6   11
6   13
6   16
6   17
6   19
6   24
6   25
7   3
7   4
7   5
7   6
7   7
7   10
7   11
7   12
7   19
7   20
7   22
7   27
8   0
8   1
8   4
8   8
8   9
8   10
8   14
8   15
8   16
8   17
8   19
8   22
8   24
8   25
9   2
9   3
9   4
9   5
9   6
9   8
9   9
9   11
9   12
9   14
9   15
9   18
9   19
9   22
9   24
9   25
10   0
10   1
10   2
10   3
10   6
10   7
10   8
10   10
10   11
10   13
10   16
10   18
10   21
10   24
10   26
10   27
11   2
11   5
11   6
11   7
11   9
11   10
11   15
11   16
11   17
11   18
11   19
11   21
11   22
11   23
11   26
11   27
12   0
12   2
12   3
12   4
12   7
12   9
12   16
12   17
12   19
12   20
12   22
12   23
12   25
12   26
13   0
13   1
13   2
13   6
13   10
13   13
13   14
13   18
13   22
13   23
13   25
13   26
14   0
14   3
14   4
14   8
14   9
14   13
14   14
14   15
14   17
14   19
14   21
14   24
14   25
15   0
15   2
15   3
15   4
15   8
15   9
15   11
15   14
15   15
15   17
15   20
15   22
15   23
15   26
16   3
16   5
16   6
16   8
16   10
16   11
16   12
16   18
16   19
16   20
16   23
16   24
16   26
16   27
17   3
17   4
17   6
17   8
17   11
17   12
17   14
17   15
17   17
17   20
17   21
17   24
17   25
17   26
18   2
18   9
18   10
18   11
18   13
18   16
18   19
18   21
18   24
19   0
19   2
19   3
19   5
19   6
19   7
19   8
19   9
19   11
19   12
19   14
19   16
19   18
19   19
19   21
19   22
19   23
19   24
19   25
19   26
19   27
20   1
20   3
20   4
20   7
20   12
20   15
20   16
20   17
20   20
20   22
20   24
20   27
21   1
21   2
21   5
21   10
21   11
21   14
21   17
21   18
21   19
21   23
21   27
22   1
22   2
22   3
22   7
22   8
22   9
22   11
22   12
22   13
22   15
22   19
22   20
22   24
22   25
22   26
23   4
23   5
23   11
23   12
23   13
23   15
23   16
23   19
23   21
23   24
23   25
24   1
24   2
24   4
24   6
24   8
24   9
24   10
24   14
24   16
24   17
24   18
24   19
24   20
24   22
24   23
24   24
24   26
25   0
25   2
25   3
25   6
25   8
25   9
25   12
25   13
25   14
25   17
25   19
25   22
25   23
25   26
26   0
26   1
26   3
26   5
26   10
26   11
26   12
26   13
26   15
26   16
26   17
26   19
26   22
26   24
26   25
27   0
27   1
27   2
27   3
27   4
27   5
27   7
27   10
27   11
27   16
27   19
27   20
27   21
