1   2
1   9
1   10
1   5
1   11
1   6
1   12
1   13
1   14
1   8
1   3
1   4
2   1
2   3
2   4
2   5
2   6
2   7
2   8
3   2
3   1
3   15
3   9
3   10
3   14
3   8
3   4
3   16
3   5
3   11
3   17
3   12
3   13
4   2
4   15
4   1
4   3
4   9
4   10
4   5
4   11
4   18
4   6
4   17
4   7
4   13
4   14
4   8
5   2
5   1
5   4
5   9
5   10
5   16
5   3
5   11
5   18
5   6
5   13
5   8
5   17
5   7
5   14
6   2
6   1
6   4
6   9
6   10
6   5
6   11
6   18
6   17
6   7
6   12
6   13
6   14
6   8
7   2
7   4
7   9
7   16
7   11
7   6
7   17
7   10
7   5
7   18
7   13
7   12
7   14
7   8
8   2
8   1
8   3
8   15
8   4
8   9
8   10
8   5
8   11
8   13
8   14
8   16
8   18
8   6
8   17
8   7
8   12
9   1
9   3
9   15
9   4
9   10
9   16
9   5
9   18
9   6
9   7
9   12
9   8
9   11
9   17
9   13
9   14
10   1
10   3
10   15
10   4
10   9
10   5
10   11
10   18
10   6
10   17
10   12
10   13
10   14
10   8
10   16
10   7
11   1
11   15
11   4
11   10
11   16
11   5
11   3
11   9
11   18
11   6
11   17
11   7
11   12
11   13
11   14
11   8
12   1
12   15
12   9
12   10
12   16
12   11
12   6
12   17
12   3
12   18
12   7
12   13
12   14
12   8
13   1
13   15
13   4
13   10
13   5
13   11
13   18
13   7
13   12
13   3
13   9
13   6
13   17
13   14
13   8
14   1
14   3
14   15
14   4
14   10
14   11
14   12
14   13
14   9
14   16
14   5
14   18
14   6
14   17
14   7
14   8
15   3
15   4
15   9
15   10
15   16
15   11
15   17
15   12
15   13
15   14
15   8
15   18
16   15
16   9
16   3
16   10
16   5
16   11
16   18
16   17
16   7
16   12
16   14
16   8
17   15
17   4
17   10
17   16
17   11
17   6
17   3
17   9
17   5
17   7
17   12
17   13
17   14
17   8
18   4
18   9
18   10
18   16
18   5
18   11
18   15
18   6
18   13
18   7
18   12
18   14
18   8
